-7.021525339708079628e+03
-2.021485709167878667e+04
5.423198398138111770e+03
1.891488668158141809e+04
-3.203523742276801840e+03
-1.766319042541630552e+04
4.931635743165763301e+02
1.662475253473515113e+04
2.521139347981142691e+03
-1.588129359116874548e+04
-5.646412121012173884e+03
1.543438619672541608e+04
8.725602969030995155e+03
-1.523765306227234942e+04
-1.165407560683148040e+04
1.523051530130748324e+04
1.436862329928221152e+04
-1.536101502743778474e+04
-1.682581039212370888e+04
1.558655619035519885e+04
1.897485220185594881e+04
-1.585606861006769395e+04
-2.075259773362308624e+04
1.609427338276880982e+04
2.209265277701649757e+04
-1.618535376592004286e+04
-2.295185232183233529e+04
1.598255789584383820e+04
2.333144338177730970e+04
-1.533597335699267751e+04
-2.329604443165834891e+04
1.413217453825264965e+04
2.295407864037707623e+04
-1.232989405495167557e+04
-2.243082247089551674e+04
9.972133522463795089e+03
2.182304670325943516e+04
-7.173538954155335887e+03
-2.117489404510868189e+04
4.087326231115511746e+03
2.046206451768469560e+04
-8.692362861229893269e+02
-1.961258379896231418e+04
-2.356412545943841451e+03
1.852779626503663530e+04
5.507278397609555213e+03
-1.712263033854564128e+04
-8.541171276339018732e+03
1.534870104923888539e+04
1.143004728166117093e+04
-1.320250940188818277e+04
-1.414000105880021329e+04
1.071421631668394730e+04
1.662300241818056747e+04
-7.931492056056398724e+03
-1.881195962061890168e+04
4.913584961221197773e+03
2.062690277881336806e+04
-1.709248692914246476e+03
-2.198401067462029096e+04
-1.640163062540708552e+03
2.280962878483146415e+04
5.114334139617683832e+03
-2.305484936237957299e+04
-8.694340097236021393e+03
2.271003867263947541e+04
1.235556216575503822e+04
-2.180375836664091548e+04
-1.605119377749782689e+04
2.039944787039879884e+04
1.970388245733857184e+04
-1.858730621421898468e+04
-2.320068087615794502e+04
1.646627914128453631e+04
2.639455667969994101e+04
-1.413226876216428536e+04
-2.911407484309100619e+04
1.165815955374563600e+04
3.118178203775656948e+04
-9.088296419327814874e+03
-3.243812717780012827e+04
6.430203341310922951e+03
3.276658543617283431e+04
-3.667220620220647561e+03
-3.210995901005501946e+04
7.630730053773879717e+02
3.049466922149286620e+04
2.314265745377012991e+03
-2.803424184492905624e+04
-5.565354791654022847e+03
2.492687242154591877e+04
8.928333255539417223e+03
-2.142786203355233374e+04
-1.225834919842652380e+04
1.780661353612360108e+04
1.532381239506949896e+04
-1.429466274391864863e+04
-1.782786143925383658e+04
1.103622682998785604e+04
1.945683131230933941e+04
-8.063109784321746702e+03
-1.994037222075547470e+04
5.287131432689081521e+03
1.912380082022822899e+04
-2.546070645549839810e+03
-1.701060493107096408e+04
-3.395886447786654685e+02
1.377419582665719281e+04
3.497365963033502339e+03
-9.731196279895044427e+03
-6.949714924777512351e+03
5.286158520042710734e+03
1.058770971506982823e+04
-8.630497325887408806e+02
-1.417271781820699289e+04
-3.159340294395257843e+03
1.736581383358920721e+04
6.512423420711349536e+03
-1.977810589354493641e+04
-9.078247691925051186e+03
2.104187180235443157e+04
1.090526202186468799e+04
-2.088615822815434512e+04
-1.218504986797816673e+04
1.921081537179035513e+04
1.319300281012814594e+04
-1.612011393098641747e+04
-1.420188033930214624e+04
1.191203015108083673e+04
1.539978758620754525e+04
-7.022524825942373354e+03
-1.682886779440793180e+04
1.934403803622865098e+03
1.837618538989080116e+04
2.916464940342126738e+03
-1.980763952161977795e+04
-7.213500919066350434e+03
2.083583562029831592e+04
1.078822017974936534e+04
-2.119098938657057806e+04
-1.361240243913810627e+04
2.068889900639636835e+04
1.575729338052274761e+04
-1.926104340534712901e+04
-1.733500853003666634e+04
1.695938385312223545e+04
1.844281885337807034e+04
-1.392040947030777352e+04
-1.913178890228714590e+04
1.032543071409151707e+04
1.940652159686813684e+04
-6.359081898286052819e+03
-1.923786696170367213e+04
2.183027039765173413e+03
1.859299531042463423e+04
2.073949193321712301e+03
-1.746280186535070243e+04
-6.307890491460310841e+03
1.588774938250681225e+04
1.041406589247119337e+04
-1.396011729751368148e+04
-1.425714622938369212e+04
1.179595934101826970e+04
1.766080212747303813e+04
-9.501442034552013865e+03
-2.041890535839088261e+04
7.130468889528870022e+03
2.232917782759603870e+04
-4.668278012971286444e+03
-2.325083672133987420e+04
2.038000770563006654e+03
2.315695515236545543e+04
8.556318134232153625e+02
-2.215784384921132005e+04
-4.058405308038641579e+03
2.049003812803014807e+04
7.500747944516190728e+03
-1.844888229579730614e+04
-1.097263330730515736e+04
1.630570193740058494e+04
1.414407075313505266e+04
-1.422625010326503252e+04
-1.663782530177123772e+04
1.223506251129052907e+04
1.812289052379893474e+04
-1.022730688969469338e+04
-1.839457433084166405e+04
8.031214759786386821e+03
1.741663974780112403e+04
-5.481342247808145657e+03
-1.532213970861872986e+04
2.490103869891937848e+03
1.237317809227857288e+04
9.060113100251329570e+02
-8.900058387435939949e+03
-4.542054436116180113e+03
5.235962531056135958e+03
8.145718587788223886e+03
-1.667435097801821712e+03
-1.138386818985162972e+04
-1.597558468851780162e+03
1.391893417533359570e+04
4.431288480790120957e+03
-1.545274815318486071e+04
-6.782659977732821972e+03
1.576407889579421681e+04
8.673448892625805456e+03
-1.474304590998646745e+04
-1.017927712825598610e+04
1.241971798145505272e+04
1.139987935644042409e+04
-8.973544588884873519e+03
-1.242712686739892706e+04
4.720050748891180774e+03
1.330480695858628314e+04
-7.136298813767217553e+01
-1.401369683894105401e+04
-4.511000195815305233e+03
1.446670603955652405e+04
8.582175061827501850e+03
-1.452410914240003694e+04
-1.176036638807382224e+04
1.401711869821432629e+04
1.378096277127926805e+04
-1.279337150275897147e+04
-1.453251326959571088e+04
1.076301640276356193e+04
1.405571150930144722e+04
-7.954271223352128800e+03
-1.251977434789763356e+04
4.534862046334089428e+03
1.016994501379114990e+04
-8.161267695783311638e+02
-7.260907439836447338e+03
-2.794190590479855018e+03
4.008028087621763007e+03
5.858102699905738518e+03
-5.518775184930357227e+02
-7.991916766177743739e+03
-3.033089706273246520e+03
8.941707450705245719e+03
6.706133154054464285e+03
-8.628326554010556720e+03
-1.040299159587141367e+04
7.147130948060862465e+03
1.399003915354151832e+04
-4.731082552969348399e+03
-1.724282625297895720e+04
1.677108623064819085e+03
1.986286938167279732e+04
1.717249792359077446e+03
-2.153389021579416294e+04
-5.207856013285131667e+03
2.198795664114432293e+04
8.621531059296194144e+03
-2.107407777665745743e+04
-1.184428382695882829e+04
1.880504310411865663e+04
1.478953579448791243e+04
-1.537225921196080344e+04
-1.735274579511570482e+04
1.111627828948942442e+04
1.937486785315805901e+04
-6.461979855885866527e+03
-2.063611070082865626e+04
1.834203148708220169e+03
2.088373181284703605e+04
2.421349858473142831e+03
-1.989518478495990712e+04
-6.085903621441659197e+03
1.755097576914854653e+04
9.078245910921410541e+03
-1.389578069341948867e+04
-1.142356306846260122e+04
9.165394314620793011e+03
1.320769497147564289e+04
-3.783579666918687508e+03
-1.451166872957540727e+04
-1.691340651959444131e+03
1.535702502501345407e+04
6.659578095470711560e+03
-1.568184600652445624e+04
-1.058614837493513915e+04
1.536109736057035843e+04
1.310319987767580460e+04
-1.426189896302420675e+04
-1.405827399621839322e+04
1.230894805898616323e+04
1.352169768064203163e+04
-9.539662477429666978e+03
-1.175097887568798797e+04
6.127597046805499303e+03
9.122221954836926670e+03
-2.372971472818327584e+03
-6.058695443102799800e+03
-1.337429648893731610e+03
2.957629629021431811e+03
4.597979554393334183e+03
-1.451860699555876408e+02
-7.048768898523373537e+03
-2.151493589492703450e+03
8.430217895230631257e+03
3.813056961362795391e+03
-8.627811026834473523e+03
-4.814225373214837418e+03
7.687853149892734109e+03
5.204484641080245638e+03
-5.805126374427619339e+03
-5.076121435829354596e+03
3.290240233632072886e+03
4.537633794480621873e+03
-5.111818264688552631e+02
-3.694973079297858931e+03
-2.168304670667353093e+03
2.642831161777273337e+03
4.449996167233718552e+03
-1.476938718595709133e+03
-6.142223229086433093e+03
2.961300009438155030e+02
7.178472395103073723e+03
7.785064085629202282e+02
-7.611978283246193314e+03
-1.607131545929608819e+03
7.583964368843219745e+03
2.030137182517412612e+03
-7.271756019132624715e+03
-1.901513578076663407e+03
6.837044426490496335e+03
1.133345703724712166e+03
-6.393641490427790814e+03
2.562497639377253336e+02
6.005912151913391426e+03
-2.124469748857076866e+03
-5.710370836390109616e+03
4.214347084034971886e+03
5.540311757596875395e+03
-6.206686827056260881e+03
-5.535243404449564878e+03
7.778045902989369097e+03
5.739304102596166558e+03
-8.663168805070092276e+03
-6.188060345695951582e+03
8.696662128011734239e+03
6.897952025164575389e+03
-7.841905129118609693e+03
-7.847342704568942281e+03
6.195002642053532327e+03
8.974876514834782938e+03
-3.970382259929966949e+03
-1.017069778857339406e+04
1.456306429243020375e+03
1.128563711355748273e+04
1.037552077916443295e+03
-1.215849318396685521e+04
-3.243067725681216416e+03
1.265512752017439016e+04
4.962167029836296933e+03
-1.270118515866464259e+04
-6.084652244573436292e+03
1.230569744981523581e+04
6.582971657005266024e+03
-1.155381113140069283e+04
-6.492455689837856880e+03
1.058460179365189288e+04
5.889944677777177276e+03
-9.545679286670127112e+03
-4.877214878542115912e+03
8.548105394329611954e+03
3.582202619702584343e+03
-7.631735129612039600e+03
-2.174065962155843863e+03
6.771233826607357514e+03
8.568482562591167380e+02
-5.910677827340120530e+03
1.553869815721711518e+02
4.993997403703006967e+03
-6.823035272799163522e+02
-3.987729905723109368e+03
6.163841069215069410e+02
2.888583786414092174e+03
5.729527350097611560e+01
-1.728002048169111276e+03
-1.260885763538486344e+03
5.682967872014494333e+02
2.823181076649102579e+03
5.044862607865360928e+02
-4.510034426857095241e+03
-1.401400100973299914e+03
6.057900809051026954e+03
2.043467608230278984e+03
-7.210779172654350077e+03
-2.378253148013664486e+03
7.764958859741705965e+03
2.394302919883579762e+03
-7.590871455121209692e+03
-2.124519147257451095e+03
6.658820162496734156e+03
1.642189577399055452e+03
-5.033926828639388987e+03
-1.053753311443975690e+03
2.865893455821993939e+03
4.914123837867625184e+02
-3.665429873975788269e+02
-9.200266218729721857e+01
-2.207849712503005776e+03
-2.840807307525654224e+01
4.591905623751412350e+03
-1.870969537721870211e+02
-6.546143110508006430e+03
7.213391506815083858e+02
7.902987572069265298e+03
-1.475677785157590506e+03
-8.592660741163745115e+03
2.294441834624252806e+03
8.654594888337494922e+03
-3.003669518936872464e+03
-8.216193327086897625e+03
3.445373293594637744e+03
7.452764976862805270e+03
-3.509463380274209612e+03
-6.544196784628851674e+03
3.146193875844437571e+03
5.636735262438773134e+03
-2.366908205852234914e+03
-4.824057089397906566e+03
1.236213634142801766e+03
4.139960995893836298e+03
1.365545082532347010e+02
-3.569522422893145631e+03
-1.619276908580213103e+03
3.063885518784276883e+03
3.071772910340520866e+03
-2.570181244534397592e+03
-4.369828465488261827e+03
2.052235807195395864e+03
5.403696234431678931e+03
-1.513285035952122826e+03
-6.088840879380541082e+03
9.872254579140522992e+02
6.360133562835912926e+03
-5.292667566646628075e+02
-6.174978496762275427e+03
1.923258052601637189e+02
5.512875068891809860e+03
-2.520968739800776071e+00
-4.380850745965260103e+03
-6.520051256172423848e+01
2.832705380268932913e+03
8.847526545253960251e+01
-9.779743760600210862e+02
-1.714234240815709995e+02
-1.015600987772109193e+03
4.112314302242971849e+02
2.947734150060358388e+03
-8.611579284418012321e+02
-4.607782419287140328e+03
1.509118807832825041e+03
5.818137511446038843e+03
-2.271153039605852427e+03
-6.465685863527553010e+03
3.003511851180551730e+03
6.523269046629748118e+03
-3.531956459872104915e+03
-6.062906763565024448e+03
3.698333555049247934e+03
5.243225291496031787e+03
-3.406521188900973812e+03
-4.278101318639061901e+03
2.660223704054127211e+03
3.386955496644431605e+03
-1.571379189392302806e+03
-2.738570523001862966e+03
3.361966669753745123e+02
2.405733896907161579e+03
8.235176883414470694e+02
-2.360480857449605537e+03
-1.734470301518831548e+03
2.504104802047797421e+03
2.311026011737529643e+03
-2.722903289422262787e+03
-2.569377105775524797e+03
2.942000908123188310e+03
2.594076213650589580e+03
-3.145006948273377475e+03
-2.492399914221020026e+03
3.371905966558351793e+03
2.346364900881163067e+03
-3.676723889942960341e+03
-2.187213693554283964e+03
4.087147762904116462e+03
2.005111383138256542e+03
-4.577862659759844064e+03
-1.766958018240236470e+03
5.066174773084359913e+03
1.449108357484337148e+03
-5.430228982608809929e+03
-1.057566131890226188e+03
5.546051942262211014e+03
6.353087542643057759e+02
-5.323764263800962908e+03
-2.532524851426729242e+02
4.730185436773509537e+03
-5.413275234107720379e+00
-3.799073602830629625e+03
6.620319716380382147e+01
2.623855820180170213e+03
1.163291384999040758e+02
-1.333029307402101722e+03
-5.469625863737294367e+02
6.523046286244171199e+01
1.182601601453013018e+03
1.070373314624303248e+03
-1.944042859263270429e+03
-2.013337877320987218e+03
2.736381546680258907e+03
2.757380022754413403e+03
-3.467921998023892684e+03
-3.339543346837883291e+03
4.058593234575178485e+03
3.824357791658884253e+03
-4.452653412811885573e+03
-4.281257126668855562e+03
4.614494900040401262e+03
4.765669122981807050e+03
-4.527424848899616336e+03
-5.303399551958807024e+03
4.183502711159700084e+03
5.884996309231361920e+03
-3.580386446290997810e+03
-6.470912136595095035e+03
2.715985138813796311e+03
7.009671473123782562e+03
-1.602233447598122211e+03
-7.441827684963455795e+03
2.712736681448275249e+02
7.708842608185090285e+03
1.215433406690449601e+03
-7.760110026460422887e+03
-2.772396354832222642e+03
7.557672635452546274e+03
4.285212960961184763e+03
-7.083831643880109368e+03
-5.616194310502117332e+03
6.337314615240947205e+03
6.619918832370389282e+03
-5.321108765267025774e+03
-7.166651750983764032e+03
4.044439883928043855e+03
7.172746230633622872e+03
-2.529078729337402820e+03
-6.622282628954842949e+03
8.185166862315387561e+02
5.577857077064039913e+03
1.006351306243839758e+03
-4.172284887670449280e+03
-2.821950983538913533e+03
2.578898421144665008e+03
4.468696270972101047e+03
-9.794520673956586734e+02
-5.771681561754613540e+03
-4.682411093777192832e+02
6.573087730287046725e+03
1.656153691794157112e+03
-6.763475516077864086e+03
-2.531200098471341335e+03
6.308155516009101120e+03
3.092005276763779875e+03
-5.250943834703068205e+03
-3.381051651052221587e+03
3.713725416708537523e+03
3.465637238765399161e+03
-1.877256272828967894e+03
-3.428163097318746622e+03
-3.517905951232032180e+01
3.340522260915062816e+03
1.793713403736124292e+03
-3.250933255872697373e+03
-3.189985122556014630e+03
3.172135093894672536e+03
4.072935657665638701e+03
-3.084492391990458145e+03
-4.368134980317701775e+03
2.950384654307729306e+03
4.087829144232133331e+03
-2.728326935836453231e+03
-3.316434835995534741e+03
2.389784160477237037e+03
2.196401215411916837e+03
-1.939049404693078031e+03
-8.908665324512236339e+02
1.408002407462515748e+03
-4.478649283175170126e+02
-8.560277793518092722e+02
1.710122287210545210e+03
3.354376240711583819e+02
-2.831850949754033536e+03
1.254382489131285752e+02
3.781235723285993572e+03
-5.391322757221670372e+02
-4.527671450563300823e+03
9.360917288368320897e+02
5.030153681623294688e+03
-1.342349023727005942e+03
-5.237888274530645504e+03
1.756183066088259693e+03
5.113142767963008737e+03
-2.145067009448373028e+03
-4.650801158572769964e+03
2.454149459752322400e+03
3.895168387338493631e+03
-2.629497461295397443e+03
-2.931940142151389409e+03
2.642362395359371931e+03
1.879310695830818986e+03
-2.498082671453811145e+03
-8.533360040485375748e+02
2.239671258241293799e+03
-5.121768187709631803e+01
-1.927885936879025394e+03
7.790017842627270284e+02
1.617893463468733444e+03
-1.313082185405313794e+03
-1.346509989488966085e+03
1.658678652899074677e+03
1.118472567421399845e+03
-1.828034164461336331e+03
-9.232334413117108625e+02
1.829921743665269332e+03
7.433959015137602364e+02
-1.667017961132522942e+03
-5.751699691878004614e+02
1.349899976287606023e+03
4.282673318557820608e+02
-9.040092362711180840e+02
-3.213020676317142943e+02
3.811191339551176043e+02
2.710621547545100043e+02
1.486671714914622555e+02
-2.751791226323378510e+02
-6.107082546719184393e+02
3.112373870905549325e+02
9.361019304934814045e+02
-3.393931075597797644e+02
-1.079412945871790953e+03
3.021566210632309435e+02
1.033171000587149820e+03
-1.491063879739776894e+02
-8.308554667313920845e+02
-1.466926743424261019e+02
5.389596223171408838e+02
5.689523465784531027e+02
-2.285422489581957279e+02
-1.062785208260057288e+03
-5.001661631506458860e+01
1.546002127961155111e+03
2.870435717530763782e+02
-1.944606379690683525e+03
-5.101894121985559991e+02
2.215067400837584501e+03
7.780128599169662493e+02
-2.364247606732400527e+03
-1.151487156619074085e+03
2.457925695471912604e+03
1.671169384035418261e+03
-2.605909958188650762e+03
-2.327293236887003332e+03
2.934655678532588354e+03
3.051328723754014845e+03
-3.547021181699426961e+03
-3.717441451223296554e+03
4.480897244219695494e+03
4.177230487472500499e+03
-5.683032956042710794e+03
-4.300099232344989105e+03
7.013043545066743718e+03
4.023859492376704111e+03
-8.275783500261712106e+03
-3.376085552207285218e+03
9.266081521700894882e+03
2.471087492060598834e+03
-9.823644215390848331e+03
-1.482246654718576110e+03
9.855219804694972481e+03
6.032373082105868889e+02
-9.351923070432658278e+03
-8.980277355659110228e+00
8.380092322399776094e+03
-1.764218987940847683e+02
-7.068227550753205833e+03
-9.523150953852695011e+01
5.577345709597258974e+03
7.911956167503936967e+02
-4.074125497430858104e+03
-1.794215820270623226e+03
2.693022011018944340e+03
2.931059490012533388e+03
-1.517751850366544204e+03
-4.010597855154496756e+03
5.703582728236546018e+02
4.861869519184493583e+03
1.668995964382324644e+02
-5.361824929255553798e+03
-7.324914720665683490e+02
5.450856140832815981e+03
1.160247882584566014e+03
-5.126082671320288682e+03
-1.462420785740959218e+03
4.429017139980650427e+03
1.628821169063422758e+03
-3.427985636842695385e+03
-1.633288786936642737e+03
2.198389445661895024e+03
1.448660653901586329e+03
-8.113234559261869663e+02
-1.072849554135657399e+03
-6.600775711803480590e+02
5.372422001464385630e+02
2.139829483733919915e+03
9.306691341974067200e+01
-3.531075698251753238e+03
-7.354071146463201103e+02
4.719829211966486582e+03
1.313884419962885204e+03
-5.585868444277675735e+03
-1.789700443040386972e+03
6.026669482405445706e+03
2.168108034934012267e+03
-5.988632429366505676e+03
-2.500467370445870074e+03
5.489992440673425335e+03
2.854366624860681895e+03
-4.626678337385274972e+03
-3.286232681047165443e+03
3.557756715038079165e+03
3.810891309003639890e+03
-2.467505861091844054e+03
-4.390891278902126942e+03
1.524445284941841692e+03
4.940282289324060912e+03
-8.440520834718296328e+02
-5.352511207213407033e+03
4.683485985556583273e+02
5.533105543173642218e+03
-3.701797189328099194e+02
-5.423674589239385568e+03
4.722567908331938611e+02
5.013640422520697030e+03
-6.704514219340682075e+02
-4.344081543723344112e+03
8.613130243774813835e+02
3.492516840816033891e+03
-9.652366181812931245e+02
-2.562785943627641245e+03
9.422382998220019772e+02
1.650866614455154149e+03
-7.959264142952711154e+02
-8.290390174044759988e+02
5.645003314416308058e+02
1.255264018559172996e+02
-2.979821197429828885e+02
4.719526454797691031e+02
3.921987457110041220e+01
-1.004163572270293798e+03
1.952532990140942388e+02
1.507181621872354526e+03
-4.054691559176280862e+02
-1.998745775528414242e+03
5.964500629523532780e+02
2.472964706473372644e+03
-7.622205304851124765e+02
-2.912643135871392133e+03
8.865949592334123963e+02
3.303041156882381074e+03
-9.491881018262570251e+02
-3.643929188278568745e+03
9.451192927904120324e+02
3.942055392312161530e+03
-8.931988293690994851e+02
-4.198888886739523514e+03
8.342767943381236364e+02
4.401546005741178305e+03
-8.161880879945269953e+02
-4.512104971921719880e+03
8.745125760456974149e+02
4.476096576429285051e+03
-1.013258870113707417e+03
-4.239024740482016568e+03
1.195485600937075105e+03
3.766885227253788344e+03
-1.348123318517019015e+03
-3.069691033883918863e+03
1.377485733133031317e+03
2.212003177895083809e+03
-1.202381631287091068e+03
-1.317725310535818608e+03
7.862672365314294893e+02
5.410877102687134084e+02
-1.683726899151444627e+02
-3.019286892965524416e+01
-5.359973851086081140e+02
-1.263013105816203989e+02
1.162005965035429881e+03
-6.610926740982024796e+01
-1.543226334896836534e+03
5.062978716918084388e+02
1.569055419586441303e+03
-1.022184210160622456e+03
-1.227164803991159260e+03
1.427982426099371651e+03
6.043443263525161910e+02
-1.581177474204310556e+03
1.331364878218868171e+02
1.422139059650648733e+03
-7.908880437839570732e+02
-9.952500622524827349e+02
1.204933327476464910e+03
4.265281656788316695e+02
-1.288101906539590345e+03
1.120692364848008111e+02
1.053761194969782537e+03
-4.663127931029859496e+02
-6.081080810502639906e+02
5.426921226232128674e+02
1.081794486962812982e+02
-3.417444220779761395e+02
2.873659681557631984e+02
-5.037320116060238462e+01
-4.738593416246004040e+02
4.940412884172141048e+02
4.252984031348563576e+02
-8.453610451655846418e+02
-1.942296864601580921e+02
9.991737621365751920e+02
-1.123298084647458097e+02
-9.228396001415450201e+02
3.816604003063239929e+02
6.566997372250381204e+02
-5.342878001702712254e+02
-2.912093204402648894e+02
5.596893935836507126e+02
-7.625610016253051526e+01
-5.132012919097710437e+02
3.850840349682666783e+02
4.912111299010668404e+02
-6.339695637533366153e+02
-5.846576141400620372e+02
8.802349955758745637e+02
8.424684859491471798e+02
-1.208513367185712013e+03
-1.248405110382713701e+03
1.693591621052934215e+03
1.723319533711226768e+03
-2.361587938382309858e+03
-2.153169184278580815e+03
3.173157018724550653e+03
2.429228493034369876e+03
-4.025187216760705269e+03
-2.483567088983451413e+03
4.784696699697426084e+03
2.308539175253104986e+03
-5.324476370925955052e+03
-1.947303635829488940e+03
5.553781353933156424e+03
1.471414879671726567e+03
-5.425218586346061784e+03
-9.580281948984494420e+02
4.932983999506619512e+03
4.812399017629844025e+02
-4.101785107155453261e+03
-1.073762448475011269e+02
2.986625139426327223e+03
-1.004910541406417508e+02
-1.674719364714681433e+03
9.378091657926917435e+01
2.888699487775433568e+02
1.523462248717657985e+02
1.018889419954846971e+03
-6.203370086724743260e+02
-2.090865155938257885e+03
1.236439236164606427e+03
2.794015372281601685e+03
-1.882126729581267000e+03
-3.060134845212537130e+03
2.417925745029306199e+03
2.898272847189292406e+03
-2.726121732711583718e+03
-2.392919819069349614e+03
2.742559321502130388e+03
1.672416562466883533e+03
-2.470156379885779188e+03
-8.722461798015074237e+02
1.968673414999864463e+03
1.032829404964197124e+02
-1.329868319173266400e+03
5.621461734190752395e+02
6.502850394976291000e+02
-1.090854976179606410e+03
-9.181434740058367794e+00
1.479902936221429627e+03
-5.382701843176438388e+02
-1.740790626436448974e+03
9.614112442864829973e+02
1.893861587398656184e+03
-1.249102411402845291e+03
-1.966038373896569738e+03
1.402074334092212666e+03
1.983411894057975132e+03
-1.430459102717177529e+03
-1.972827794094725732e+03
1.350476397574042949e+03
1.957879144031729311e+03
-1.180111939910498450e+03
-1.958086743410060080e+03
9.385674161209983595e+02
1.986892137368128715e+03
-6.492665358432431049e+02
-2.050005356326341371e+03
3.375665061390352548e+02
2.143890054271261306e+03
-3.733522670177458735e+01
-2.248930795702612613e+03
-2.151911401415336798e+02
2.327483395940553692e+03
3.914061282199622269e+02
-2.328559032015444700e+03
-4.774424805544139190e+02
2.200551590071190731e+03
4.807036555348477123e+02
-1.905917102250450853e+03
-4.251026953645506410e+02
1.435202105170244977e+03
3.462198057354495973e+02
-8.128242197015973716e+02
-2.740858807941831401e+02
9.092891452932671825e+01
2.280847385135886896e+02
6.596756487069108061e+02
-2.138554583080510554e+02
-1.374262989568967896e+03
2.263533342735738643e+02
1.996881618481634177e+03
-2.633909995967691202e+02
-2.486383491009951285e+03
3.301670374516011748e+02
2.812144306029906147e+03
-4.321846830291733568e+02
-2.952143990317917087e+03
5.734240137844230958e+02
2.891437453751755129e+03
-7.403406247324649030e+02
-2.627973852171789986e+03
8.981572528120308334e+02
2.183724796386058642e+03
-9.954366136020505564e+02
-1.611169760152811705e+03
9.761602519724185640e+02
9.900453739577668557e+02
-8.018826691589517850e+02
-4.170471317683953885e+02
4.674075111054865488e+02
-1.497451594018300902e+01
-5.002382636644460590e+00
2.442232496689738070e+02
-5.185329126725284823e+02
-2.541996750840095558e+02
1.023040222656966193e+03
8.018492337349199772e+01
-1.431999469935392653e+03
1.951999857512582821e+02
1.696828198576025670e+03
-4.703741798932623510e+02
-1.807185977548135725e+03
6.441503303197686137e+02
1.788623885682888840e+03
-6.450455456043129061e+02
-1.693665430381033048e+03
4.452194523219330335e+02
1.585538859739890313e+03
-6.704570472739855802e+01
-1.515706179845251199e+03
-4.219378984343078400e+02
1.511073660208071487e+03
9.311345804171652389e+02
-1.565047442051547250e+03
-1.363200418370070338e+03
1.640270946981127508e+03
1.643127925928124341e+03
-1.681264061225006571e+03
-1.728572802319848506e+03
1.632856753964800646e+03
1.614798126884531484e+03
-1.458341933771584308e+03
-1.329073327430827931e+03
1.143102410711902394e+03
9.195793741852063476e+02
-7.040428102435525943e+02
-4.440808209026463942e+02
1.823771591637761560e+02
-3.624392235429206721e+01
3.592989456193277533e+02
4.733062732430386177e+02
-8.482063364487797799e+02
-8.400921922302760549e+02
1.213331423256857988e+03
1.130453626790303815e+03
-1.401750141694716604e+03
-1.360037514692008244e+03
1.392260851308996052e+03
1.550639229223301299e+03
-1.197267673338813438e+03
-1.719829938962797769e+03
8.572627395045574303e+02
1.869867785659076844e+03
-4.289663054677895957e+02
-1.986889321384877348e+03
-3.025289307103966152e+01
2.043874424712137170e+03
4.745797619200984059e+02
-2.014979499293507388e+03
-8.755488829628476424e+02
1.885914883751171601e+03
1.215483435680660250e+03
-1.661109766667237182e+03
-1.481190587852514454e+03
1.362346594146733651e+03
1.658685248839057977e+03
-1.019457033709453526e+03
-1.726094012295364564e+03
6.615965153350540504e+02
1.661796709621153468e+03
-3.061693027970280809e+02
-1.448903663429144217e+03
-4.851894570767922232e+01
1.093196555024341251e+03
4.190717926216860860e+02
-6.296306692983902167e+02
-8.171651882654787187e+02
1.250261938662312673e+02
1.236669102394240554e+03
3.417276117128380406e+02
-1.640008562029333916e+03
-7.033938353505714076e+02
1.966099824608992776e+03
9.268444031958009646e+02
-2.150808201085274959e+03
-1.021275560490956536e+03
2.147779331498610190e+03
1.033370863897868730e+03
-1.950910582570668339e+03
-1.024188391479508027e+03
1.600745566120761168e+03
1.047918687309745565e+03
-1.171709047485833480e+03
-1.123707965373147772e+03
7.500567464715261394e+02
1.231332797906852420e+03
-4.002252840098583420e+02
-1.324840610721269059e+03
1.440898078425020969e+02
1.357043783998375375e+03
3.620006309769859598e+01
-1.312786515582949733e+03
-1.822449232759467463e+02
1.212224140542984060e+03
3.261523384637060303e+02
-1.103023326348546334e+03
-4.723250689819181503e+02
1.037906994572832673e+03
5.979151156438005046e+02
-1.051628299662189193e+03
-6.594893503847788452e+02
1.148069838068805893e+03
6.155658528443676687e+02
-1.300951943841101638e+03
-4.426856176884562046e+02
1.461932581676346217e+03
1.493841242605370496e+02
-1.577342975905680532e+03
2.193974078074749059e+02
1.610915171211792085e+03
-5.959936729918421179e+02
-1.553771263113419536e+03
9.001366916762871142e+02
1.436769429122615520e+03
-1.066539153514814416e+03
-1.316100926718151186e+03
1.062900726951338129e+03
1.262028528254543517e+03
-8.990550108883716121e+02
-1.334262155679131183e+03
6.275030675476360784e+02
1.560310943920643012e+03
-3.282675005300544058e+02
-1.919720514577174754e+03
8.821508527461264748e+01
2.342401240879457418e+03
3.242875744866286425e+01
-2.720955336626541794e+03
-2.016326200163642213e+01
2.942910431798001355e+03
-8.706985031270664877e+01
-2.921216932536266995e+03
2.143123812773650911e+02
2.624187783408190626e+03
-2.729066645812486058e+02
-2.078699220383442480e+03
2.001059310339251738e+02
1.359786502487486814e+03
2.351819389905970326e+01
-5.625027820038624213e+02
-3.678304402257328434e+02
-2.230621854102859913e+02
7.646745776354682675e+02
9.359744293228511651e+02
-1.132267770113973029e+03
-1.546995420903184140e+03
1.396653560577206235e+03
2.051926009448747209e+03
-1.516223544770548415e+03
-2.455562744080840275e+03
1.476131612967878027e+03
2.756863975330354606e+03
-1.289178753434031023e+03
-2.945839912833864673e+03
9.789213295902590062e+02
3.002071060816898807e+03
-5.661194694925671911e+02
-2.909625989776484403e+03
6.513594859214842359e+01
2.670471265089709505e+03
5.123330862184395755e+02
-2.311865059564023340e+03
-1.149166394074416303e+03
1.890826965407483613e+03
1.806844992134278073e+03
-1.471565362907436111e+03
-2.424825375402066129e+03
1.113244061946805232e+03
2.925776002344064182e+03
-8.492857479388134152e+02
-3.233076418009758072e+03
6.762443381655419898e+02
3.291018495784732750e+03
-5.629634488029163322e+02
-3.083591655054538933e+03
4.633765370207999013e+02
2.634772904612053480e+03
-3.321517709270851810e+02
-2.005029183025550310e+03
1.459742422242228486e+02
1.275910437548788877e+03
9.730959163179180393e+01
-5.301424574713920492e+02
-3.748635907430744965e+02
-1.552615748564082025e+02
6.497679339151860631e+02
7.249519456853772681e+02
-8.716769021002698992e+02
-1.143773820820260198e+03
9.868743743954159982e+02
1.399863635195178404e+03
-9.453103719328089483e+02
-1.510125272029225243e+03
7.050281966235429536e+02
1.516891355080724452e+03
-2.481211476942813476e+02
-1.485549414607660083e+03
-4.091248903749904571e+02
1.491015439078215195e+03
1.210415534331306844e+03
-1.603890664408202383e+03
-2.055890341392059781e+03
1.865304461006192696e+03
2.814318071338969730e+03
-2.275007559157107607e+03
-3.346825099215145656e+03
2.776466119318483834e+03
3.537810121676850031e+03
-3.267154141998938030e+03
-3.324179186778334042e+03
3.618978357944772597e+03
2.718049217193737604e+03
-3.710708638510144283e+03
-1.806195704774960404e+03
3.458921440008579793e+03
7.302609150118054231e+02
-2.844924120746451990e+03
3.390757158323891076e+02
1.914876149860769146e+03
-1.242808808717783222e+03
-7.805083128405442494e+02
1.860016684249906803e+03
-4.110081524289898312e+02
-2.138641475691894357e+03
1.506201037862826752e+03
2.097177236413788251e+03
-2.378873911817577664e+03
-1.812312191710502702e+03
2.960678472174842682e+03
1.396315381785422460e+03
-3.245210223486888026e+03
-9.593229458724175629e+02
3.280420767284633712e+03
5.872022505154468490e+02
-3.148947101625392861e+03
-3.248139995480261746e+02
2.942583462816286556e+03
1.704272776234635103e+02
-2.733751054408999153e+03
-8.850802414270690122e+01
2.557034771514031490e+03
2.709054853783396055e+01
-2.404266199917176891e+03
5.120512928388021834e+01
2.233910147986487573e+03
-1.526173146812078016e+02
-2.002807329106665520e+03
2.485968019729846503e+02
1.691846261580204100e+03
-2.950992206212470705e+02
-1.320985297958862930e+03
2.573940028737783905e+02
9.460424458844044011e+02
-1.282372135493409928e+02
-6.371363534132876794e+02
-6.138467960536645762e+01
4.591490912719594917e+02
2.564508816095158750e+02
-4.521073538059163184e+02
-3.854174812872860230e+02
6.254068279507288253e+02
3.819388963110210398e+02
-9.520919253101802724e+02
-1.970498040707127529e+02
1.379144795865878450e+03
-1.863610574695181867e+02
-1.833903160471338879e+03
7.569440099607215870e+02
2.236825005583123584e+03
-1.468511639399920568e+03
-2.515954539660899627e+03
2.248547930439572156e+03
2.612027090726595816e+03
-3.005025501062006697e+03
-2.491990663837152624e+03
3.639844584627486256e+03
2.154302181914155426e+03
-4.058747683217158283e+03
-1.634074803011516224e+03
4.189888400726020336e+03
9.989705733573719044e+02
-3.993839735468760864e+03
-3.382141423816848942e+02
3.477028377128270222e+03
-2.502371937768435544e+02
-2.690975904983882629e+03
6.770974184306332972e+02
1.725787426722815098e+03
-8.783695553687034590e+02
-6.991192416466942632e+02
8.248554232141419789e+02
-2.625030806714792107e+02
-5.300878937603361010e+02
1.042492168116071980e+03
4.722609403303911790e+01
-1.554660817133763658e+03
5.352947978729303031e+02
1.757126491060658054e+03
-1.116506251655847564e+03
-1.659759943873934162e+03
1.597560942441293037e+03
1.317125993736677401e+03
-1.899015156216120204e+03
-8.182904079088814342e+02
1.973717936301635518e+03
2.698858390856142364e+02
-1.810240120328964622e+03
2.221604041681428043e+02
1.436602936716838030e+03
-5.721906963924694765e+02
-9.108312979246555869e+02
7.256568407770158728e+02
3.113229575836280105e+02
-6.718336218131988744e+02
2.780170473741008550e+02
4.451425020402555788e+02
-7.911212380260492409e+02
-1.122326337241595695e+02
1.187827412727712499e+03
-2.422553349886898673e+02
-1.466989203881654475e+03
5.452735415459051183e+02
1.657173787526290425e+03
-7.541777476903288289e+02
-1.801758498246050067e+03
8.663595802933176628e+02
1.935702736651069699e+03
-9.140101805735050675e+02
-2.067782993261020692e+03
9.457644426392182595e+02
2.177498907693215642e+03
-1.006370697153259243e+03
-2.222964170594578718e+03
1.118280852960161610e+03
2.157871787852573107e+03
-1.270542551132203471e+03
-1.954692427791151204e+03
1.430787753000744715e+03
1.617690984166775706e+03
-1.557814460222078196e+03
-1.189134016359648285e+03
1.624642120604552474e+03
7.322391606802751767e+02
-1.629840082204303144e+03
-3.114991729167891776e+02
1.598884194309824807e+03
-3.225382235385712448e+01
-1.565685234930567276e+03
2.933237778450639439e+02
1.557940579508389874e+03
-4.972774958842534829e+02
-1.579171722218608920e+03
6.862142194749417285e+02
1.595057425239647046e+03
-8.962442000052201365e+02
-1.550428068236048603e+03
1.136589511146471295e+03
1.383040758022296131e+03
-1.379865646213620494e+03
-1.050050087275627220e+03
1.566656498319891625e+03
5.547353092010653199e+02
-1.625572553976903464e+03
4.863126158352164907e+01
1.500096950321137683e+03
-6.609439242004318658e+02
-1.173776371092761110e+03
1.163226232537246688e+03
6.767890953735167159e+02
-1.448873057296685602e+03
-8.527098803388096826e+01
1.448832669356889937e+03
-4.994126345153870830e+02
-1.148590472408106052e+03
9.740301912181848820e+02
5.964950076706238633e+02
-1.256575735466612059e+03
1.117092102985751296e+02
1.312760239578001119e+03
-8.514224485254761703e+02
-1.160257391883617856e+03
1.499568124871192595e+03
8.663440746534658956e+02
-1.966594056104918991e+03
-5.255623540534751328e+02
2.207630107972709993e+03
2.329608479861002763e+02
-2.225842472402239309e+03
-6.224983205402843822e+01
2.065117074574507114e+03
5.241222782227172416e+01
-1.787676200003532358e+03
-2.012947487223804615e+02
1.468075281672382516e+03
4.702117292383233575e+02
-1.168863721021923766e+03
-7.904723496807607717e+02
9.319999350074045879e+02
1.081801121811558687e+03
-7.702933654615611658e+02
-1.270781848053244858e+03
6.693838527215781369e+02
1.303121490573872961e+03
-5.923352384663356816e+02
-1.161883085363232340e+03
4.953487216217418450e+02
8.680190981191886976e+02
-3.426743877272102736e+02
-4.791366763417239554e+02
1.203167165635017710e+02
7.408536206325310047e+01
1.559726939875089329e+02
2.689847409365065687e+02
-4.426652037558675943e+02
-4.900392808281569046e+02
6.816895667950822144e+02
5.582855840950163611e+02
-8.138023035582069724e+02
-4.781051536968087703e+02
7.937880071228546512e+02
2.830241503755118515e+02
-6.043302556819381834e+02
-2.741702814376134967e+01
2.608224201455599314e+02
-2.297708361145985521e+02
1.933334876640034281e+02
4.381002538467287764e+02
-6.918372240214526983e+02
-5.630735706561566758e+02
1.156767108180799823e+03
5.958991195258474818e+02
-1.511836010511354516e+03
-5.534738600225178971e+02
1.696764253125143796e+03
4.760141901107638205e+02
-1.680551665928769580e+03
-4.165965334690209261e+02
1.469174034105677947e+03
4.263711422821559722e+02
-1.104128211233340380e+03
-5.371141139929665087e+02
6.551087309508760654e+02
7.502313112540222164e+02
-1.981007157922704209e+02
-1.037136099180641850e+03
-1.986403494077736411e+02
1.346700535356540968e+03
4.883732879397067563e+02
-1.616996722331055253e+03
-6.492270174292835918e+02
1.788777013230761440e+03
6.887402730838452953e+02
-1.817879472482314441e+03
-6.303851709844536799e+02
1.680743874853912075e+03
5.123817059690074984e+02
-1.376200943022864521e+03
-3.759245481818409189e+02
9.239304259844266198e+02
2.621916320743736719e+02
-3.595777490619440755e+02
-2.082066302235508317e+02
-2.620662796137725081e+02
2.404853351246870261e+02
8.763038796397744363e+02
-3.651689714724830651e+02
-1.412109105633046056e+03
5.613207885187661077e+02
1.808719905211846253e+03
-7.850695991157333538e+02
-2.028351755663626591e+03
9.772871803246840727e+02
2.065746821003072910e+03
-1.078915520664036649e+03
-1.948765750609033148e+03
1.049333518364964448e+03
1.723909584162157444e+03
-8.791586276947621172e+02
-1.444711499800734600e+03
5.893048989711681998e+02
1.150542137794920109e+03
-2.192016582693907765e+02
-8.560975010577369630e+02
-1.844768659845292689e+02
5.570919522241357527e+02
5.888486704394057369e+02
-2.396588129637013083e+02
-9.829970507100274517e+02
-1.013194036064099350e+02
1.370936665793104339e+03
4.484485392999078499e+02
-1.759023636178432753e+03
-7.592166471491512993e+02
2.142608974569258862e+03
9.745121074588180363e+02
-2.492030515692928930e+03
-1.043110508453861030e+03
2.757903328332486126e+03
9.392086391855544889e+02
-2.881808040817752044e+03
-6.754896881014740302e+02
2.816777665524307395e+03
3.036855270568588594e+02
-2.551694636561550396e+03
1.016845389237363833e+02
2.118000340978410350e+03
-4.702573439878685235e+02
-1.582037307312946496e+03
7.519344149470873617e+02
1.028053047185505420e+03
-9.324208784764018674e+02
-5.363275754309058811e+02
1.027934006418901390e+03
1.591209048825843411e+02
-1.077925638621549751e+03
8.502360971586358573e+01
1.123987644901500062e+03
-2.129999295439093885e+02
-1.194995655516708666e+03
2.661528894359407218e+02
1.295615352488064218e+03
-2.911215709633906954e+02
-1.409778155928217984e+03
3.214173489372184349e+02
1.507712867403860628e+03
-3.714180568396935769e+02
-1.559123218547203805e+03
4.333336600655135271e+02
1.545767023109010779e+03
-4.860693100894197300e+02
-1.466821034205325759e+03
5.041987485719055826e+02
1.335830725815150117e+03
-4.641800180876068112e+02
-1.181861188600011474e+03
3.588767442213855929e+02
1.036630038109143015e+03
-1.959839095378210345e+02
-9.277388634126543820e+02
-7.759938214570157866e-01
8.659801364801768386e+02
2.031098368272085679e+02
-8.441487651520150166e+02
-3.864443242569188897e+02
8.429289842458283601e+02
5.399741514233500084e+02
-8.407267354926128746e+02
-6.658151766797867595e+02
8.198067183187888531e+02
7.765906994467835602e+02
-7.763365309151521387e+02
-8.879229292705899752e+02
7.182277020816246704e+02
1.011767708900399953e+03
-6.660214691200103516e+02
-1.148957444837090861e+03
6.433677469859164830e+02
1.288611243638487849e+03
-6.693623144941560668e+02
-1.409833075561032501e+03
7.524727811364598438e+02
1.485046714396343077e+03
-8.851693013612906498e+02
-1.489260412549231660e+03
1.044379206291027458e+03
1.409186810955267674e+03
-1.200332298230898687e+03
-1.247251599399823817e+03
1.322922508272457208e+03
1.020003427676685305e+03
-1.398001039464842279e+03
-7.492939100583608933e+02
1.424035527071303704e+03
4.544171509473469541e+02
-1.411699356247430160e+03
-1.412900796862666084e+02
1.370738862621196176e+03
-1.900271380353774759e+02
-1.305782061775470311e+03
5.422122232425087986e+02
1.204814703292818422e+03
-9.052109459204709765e+02
-1.056664976936717721e+03
1.253768779103887937e+03
8.499978737708999006e+02
-1.548753141945801417e+03
-5.913124511464804982e+02
1.746821851977032338e+03
3.057129373562007117e+02
-1.813760884222435607e+03
-3.327401874498039547e+01
1.732853986445885766e+03
-1.749137382281543864e+02
-1.511898291678517808e+03
2.761372323144596521e+02
1.183806208560950381e+03
-2.386764575236930739e+02
-7.928840465988605501e+02
5.206442881000339185e+01
3.916681044092730417e+02
2.741598396823991948e+02
-2.965445714708910074e+01
-7.137415158647081626e+02
-2.534866113027856329e+02
1.221976839688506516e+03
4.324519960099163995e+02
-1.744645294849977063e+03
-5.006554928568909304e+02
2.225178276809325780e+03
4.739828952299387765e+02
-2.616177236350220483e+03
-3.853602142339258307e+02
2.886815318452082010e+03
2.774400981775918353e+02
-3.027949159509221772e+03
-1.885147216068430112e+02
3.050582484450905213e+03
1.474757462054307950e+02
-2.983454263725807323e+03
-1.643194236009269957e+02
2.859742844741718272e+03
2.292411977895873179e+02
-2.708847367110046889e+03
-3.145019146591553181e+02
2.550540138312621366e+03
3.864622303070414091e+02
-2.385325958271293530e+03
-4.120375249450900128e+02
2.200840721739265973e+03
3.708689524492202736e+02
-1.976856145021237808e+03
-2.589303719057726312e+02
1.692898589430936909e+03
9.238716083665805456e+01
-1.341982050265841281e+03
1.012620375553908332e+02
9.321498861750786773e+02
-2.872704232503305093e+02
-4.923664421026475111e+02
4.356556180904506732e+02
6.572688247204418133e+01
-5.308736197523885494e+02
2.973843104190588065e+02
5.758350952402056464e+02
-5.562976054200079261e+02
-5.885697266343017873e+02
6.889562336139093759e+02
5.932469205099007468e+02
-6.986814744722995556e+02
-6.124622825320658421e+02
6.088326390905428980e+02
6.543967749450210931e+02
-4.598963268314157062e+02
-7.148550926613180536e+02
2.962386425209733716e+02
7.748899668571878010e+02
-1.562926901984683923e+02
-8.036629546085016500e+02
6.444336757932182991e+01
7.733529942729078357e+02
-2.633812285435675804e+01
-6.686717650851661574e+02
2.692378931547294130e+01
4.962993754176487755e+02
-5.034416764000399525e+01
-2.887892905151165905e+02
8.695817998977918251e+01
9.209759833728035971e+01
-1.468709385745844145e+02
5.056458502630347596e+01
2.611247710046678208e+02
-1.203856147808898811e+02
-4.658580753399377272e+02
1.301672696298682581e+02
7.867145416307890855e+02
-1.244368988517237540e+02
-1.221951332874354875e+03
1.651461688450466738e+02
1.736555572084603909e+03
-3.102300628984286277e+02
-2.263946352333307004e+03
5.974184984196747337e+02
2.722033651420500519e+03
-1.031477318394718395e+03
-3.029791701688456669e+03
1.581900665007737643e+03
3.125973786266760726e+03
-2.186334565639484481e+03
-2.978991506369272429e+03
2.762467579337877396e+03
2.603836766025055113e+03
-3.225872871407404546e+03
-2.055266768387711636e+03
3.508018708442159095e+03
1.423742156022318795e+03
-3.572531526170206689e+03
-8.155812567295134841e+02
3.426041450457476913e+03
3.314883951077123356e+02
-3.117878996823424586e+03
-4.095623765601646937e+01
2.721091975022894985e+03
-2.742988983167468930e+01
-2.318636617398377439e+03
-1.074116887079760687e+02
1.977927677080015883e+03
3.950382007314705675e+02
-1.739087165233556334e+03
-7.671088668976725558e+02
1.613164808536972714e+03
1.155397012777445298e+03
-1.586601799015543065e+03
-1.503888622843592884e+03
1.633773591410259996e+03
1.770957231197555529e+03
-1.727531195182408510e+03
-1.932915543966501446e+03
1.841082408036299512e+03
1.975565265247819752e+03
-1.959057259059918124e+03
-1.895042145321294811e+03
2.071590601108900955e+03
1.692096246059090618e+03
-2.175519321822271650e+03
-1.368363520746629547e+03
2.267630780487607353e+03
9.312417208459140738e+02
-2.342057374632870051e+03
-3.892732524485167573e+02
2.384032781034274649e+03
-2.373566485161606181e+02
-2.370708432177852956e+03
9.163865318172769321e+02
2.274683355557930554e+03
-1.598233852043626939e+03
-2.074007793533820404e+03
2.215917858595944381e+03
1.761180560833008030e+03
-2.699661094475059144e+03
-1.353178032223860328e+03
2.987978072976897238e+03
8.903421070245823330e+02
-3.043089061847806079e+03
-4.290887650928435164e+02
2.857401488480827993e+03
3.011342077422352048e+01
-2.456072083273867520e+03
2.542309223581054027e+02
1.889852413926395911e+03
-3.872014507428876300e+02
-1.226038629165585917e+03
3.530681894723367122e+02
5.378384943518367436e+02
-1.571129623200380081e+02
1.063896999063463937e+02
-1.705446424791144864e+02
-6.517970203395198041e+02
5.890131684390286182e+02
1.059785551521558773e+03
-1.040973484659796895e+03
-1.312050917450096449e+03
1.463517392547762938e+03
1.414215240341767640e+03
-1.797878538439786780e+03
-1.394425767463735838e+03
1.997996335839819949e+03
1.296187203453635675e+03
-2.038455275373696395e+03
-1.167167555613139939e+03
1.920751367340371417e+03
1.046904575356085616e+03
-1.667130234703090764e+03
-9.602882485180425647e+02
1.315771086130134336e+03
9.119947933378916787e+02
-9.096372807656155146e+02
-8.871156530586838471e+02
4.900904145695387797e+02
8.586037713868071251e+02
-8.679221143339135836e+01
-7.919064421524196860e+02
-2.820581839123501595e+02
6.568964020227591618e+02
6.160063248523475750e+02
-4.359541388388038854e+02
-9.237635935481574734e+02
1.271556533293843358e+02
1.220914302291366539e+03
2.482623232700206586e+02
-1.523857165829329688e+03
-6.543066642195569784e+02
1.844246991283171837e+03
1.030369611646288149e+03
-2.181751580383688633e+03
-1.308329927819710292e+03
2.511195210385511473e+03
1.420298270678880044e+03
-2.779996456981049505e+03
-1.324519545680827832e+03
2.917776786135875227e+03
1.021187097258661993e+03
-2.852113725594893367e+03
-5.613524770219065658e+02
2.540027018416637020e+03
4.135602912940446174e+01
-1.982939181864557440e+03
4.272225719414877858e+02
1.243158206527086577e+03
-7.442344918532685369e+02
-4.269803407782152362e+02
8.469711924413564930e+02
-3.353476620096908505e+02
-7.325338476775209529e+02
9.218606933599945705e+02
4.502254311556533821e+02
-1.250623850848699476e+03
-8.745642463558931468e+01
1.295471045208262467e+03
-2.520836565238913067e+02
-1.092059976052157936e+03
4.824649740720138880e+02
7.261582544708874138e+02
-5.495243400104812963e+02
-3.082065114096480443e+02
4.438219253631705783e+02
-4.833749053727327549e+01
-1.990615621070028851e+02
2.568245137453020561e+02
-1.240536960098676360e+02
-2.684551622188640181e+02
4.515946011832834870e+02
8.242198371089578757e+01
-7.160034465779875745e+02
2.590110971595374281e+02
8.747440529219164773e+02
-6.828611984483148944e+02
-9.219546984885691927e+02
1.107683871914265865e+03
8.835200917255153854e+02
-1.464573874512248949e+03
-8.103069361681309601e+02
1.711710722513694236e+03
7.604431715939896321e+02
-1.843370363761136559e+03
-7.782481482331965026e+02
1.882918691180658698e+03
8.782363585840959104e+02
-1.870276499628623924e+03
-1.041491280223921876e+03
1.841128636909450961e+03
1.223429068591172381e+03
-1.813713798821076807e+03
-1.370897976560544294e+03
1.785555033136583006e+03
1.441070802412450576e+03
-1.740797334480177824e+03
-1.410110448236218645e+03
1.660865365066149252e+03
1.278571517157273092e+03
-1.534648428275832430e+03
-1.065841015301324433e+03
1.364923630913486704e+03
7.995692426121266863e+02
-1.171111925367646108e+03
-5.052798900664030270e+02
9.787607596543201680e+02
1.995232536886344406e+02
-8.107761946038239103e+02
1.130206714740681520e+02
6.747449144734715674e+02
-4.292810205566228774e+02
-5.628670291259765008e+02
7.404779884555003946e+02
4.531630187709957909e+02
-1.024919139791538782e+03
-3.240898203523644270e+02
1.247791675559165014e+03
1.654200562894138784e+02
-1.372018235395211832e+03
1.518422252137917816e+01
1.364932817509978804e+03
-1.889699171796509063e+02
-1.215716837393689275e+03
3.127918371219417963e+02
9.399202326535097427e+02
-3.434970526440978915e+02
-5.829458259192608693e+02
2.520877545577020555e+02
2.090067850613764051e+02
-3.469550451508971634e+01
1.103459253474839983e+02
-2.787075330572464509e+02
-3.195553730948627731e+02
6.339000623477553518e+02
3.904101826779518660e+02
-9.627114162930020029e+02
-3.323721753491417985e+02
1.200651301034111157e+03
1.861320202338206968e+02
-1.305162251962190794e+03
-1.500970035884667908e+01
1.260965835699795662e+03
-1.132916815491245046e+02
-1.081055175581912408e+03
1.391784902466700373e+02
8.038681056358763044e+02
-2.213140210433131827e+01
-4.851250987448366914e+02
-2.532420286736553123e+02
1.891946724565306113e+02
6.696643429229086451e+02
2.425081094520968250e+01
-1.178187700942323090e+03
-1.113273092475648838e+02
1.700926996143988845e+03
6.126712798654931902e+01
-2.148687483753069955e+03
9.523649033999325297e+01
2.441978253706405212e+03
-2.890865162765798004e+02
-2.536172973615558931e+03
4.304685802568077975e+02
2.435922170965011901e+03
-4.330881933923621432e+02
-2.192809908966247349e+03
2.443630284709525711e+02
1.894876206157268825e+03
1.373815888401696270e+02
-1.632646433311848796e+03
-6.661013378008159407e+02
1.474638445143696117e+03
1.254276443960780398e+03
-1.446884105557973498e+03
-1.806133688159380654e+03
1.530923543511373964e+03
2.244109708616217631e+03
-1.674385576704576351e+03
-2.523705847491497934e+03
1.815432679406381340e+03
2.641042883628647814e+03
-1.905109270725537044e+03
-2.619945783862060580e+03
1.917571467707329020e+03
2.495902752109149787e+03
-1.855126093677590688e+03
-2.300688840485433047e+03
1.736428206465975109e+03
2.052857735450520067e+03
-1.582210984434422926e+03
-1.764093651612044823e+03
1.408179914262833790e+03
1.441873465311931341e+03
-1.222145533887827241e+03
-1.102207715097470555e+03
1.027899150671406233e+03
7.645179135700836923e+02
-8.328792815786507617e+02
-4.518839030866571989e+02
6.473558665179527907e+02
1.833685071043407788e+02
-4.858270002299361181e+02
3.428071211668280682e+01
3.569499049085994216e+02
-2.029346183933646728e+02
-2.622692786490538310e+02
3.304318887912561422e+02
1.908828627276350289e+02
-4.226328765493840933e+02
-1.284270300765001309e+02
4.786539443687814810e+02
6.230059538644416506e+01
-4.906685776986354881e+02
8.206488139428975259e+00
4.512189529339526075e+02
-7.209167908409517622e+01
-3.570817441548553575e+02
1.000117849424144651e+02
2.210880960672322146e+02
-6.095882985320746172e+01
-7.795831576058048995e+01
-6.689169001751888288e+01
-2.608270331069177672e+01
2.868016977405816306e+02
4.053567718104750384e+01
-5.718773721707116238e+02
7.020604569694100405e+01
8.744004681817010578e+02
-3.159042699132505732e+02
-1.135928260197483496e+03
6.732823288870131364e+02
1.303834182349011598e+03
-1.092452577710720561e+03
-1.344280229082661890e+03
1.507166186485434309e+03
1.247817658867130831e+03
-1.850989390433443077e+03
-1.030259900643201718e+03
2.068113172124293214e+03
7.221612741204203303e+02
-2.120117500985678817e+03
-3.684763711345057686e+02
1.993566765806975809e+03
1.844521714350277719e+01
-1.699926352245482121e+03
2.831415648606969171e+02
1.277080903548461265e+03
-5.054361602670870752e+02
-7.815621241752811557e+02
6.349571151907392732e+02
2.782331967569491553e+02
-6.840717760924970889e+02
1.730841142324042892e+02
6.806728952044279595e+02
-5.324654424715240566e+02
-6.599718713524412124e+02
7.789986659630711756e+02
6.523482777822030130e+02
-9.130367740300488322e+02
-6.733422685112449244e+02
9.426144714819463388e+02
7.254516208570506706e+02
-8.797903912173038634e+02
-8.038773482345141019e+02
7.365681987837311908e+02
9.018470864235117688e+02
-5.258285614484879034e+02
-1.016198027061866924e+03
2.685267811527025401e+02
1.144196790257928342e+03
4.380489908642933194e+00
-1.279529646042675722e+03
-2.561234563502566175e+02
1.407079110007966392e+03
4.462718756219393299e+02
-1.497836066072512722e+03
-5.455470639779676958e+02
1.513003905479971536e+03
5.473193785692599249e+02
-1.416028712528826190e+03
-4.702036673537083971e+02
1.188715770280235574e+03
3.522804247249446234e+02
-8.386678457609602901e+02
-2.381673011530216399e+02
4.046668971623959692e+02
1.629775088733018720e+02
5.199986578135191451e+01
-1.414494255618623981e+02
-4.669932182056325018e+02
1.632478302899189941e+02
7.829849006162683054e+02
-1.995147043120650494e+02
-9.671217811450750332e+02
2.122494805515005396e+02
1.016815276995475529e+03
-1.667565350185685134e+02
-9.586598235114861382e+02
4.639773587688972611e+01
8.416703698538204890e+02
1.421982354337686161e+02
-7.213415319134683159e+02
-3.710961479368576192e+02
6.451488195879418299e+02
5.937073174771726372e+02
-6.421168705122654501e+02
-7.620331306446025792e+02
7.186045368369757398e+02
8.350434681647985826e+02
-8.582757381645243413e+02
-7.880201886103473043e+02
1.029912525017190092e+03
6.182361785505348735e+02
-1.195654536160337102e+03
-3.440039047569171657e+02
1.317666449370085502e+03
4.423626957514376068e-01
-1.368148591522710603e+03
3.654324394606465489e+02
1.333814978987345512e+03
-7.068054568870344383e+02
-1.216915108327439384e+03
9.781337344204647479e+02
1.036574108624171458e+03
-1.145158821953150209e+03
-8.255436258702482064e+02
1.187103729893223999e+03
6.291507543597784888e+02
-1.099879427362605611e+03
-4.961612981584264617e+02
9.050452947285808705e+02
4.720101078489879569e+02
-6.429688037418525255e+02
-5.828230505931072685e+02
3.693838886975904074e+02
8.266622494967706416e+02
-1.350941828699621681e+02
-1.178135316518562831e+03
-1.729803347988433870e+01
1.588697345263822626e+03
7.151932753631511730e+01
-2.006281584986801590e+03
-2.794827218086520659e+01
2.384016623881014311e+03
-9.927425480853331408e+01
-2.686741218162400401e+03
2.930187429019098886e+02
2.885597204671054442e+03
-5.356392285233737312e+02
-2.959917518864176600e+03
8.071188000118305581e+02
2.892987132822489457e+03
-1.080215038052424461e+03
-2.681924536680059646e+03
1.323618632316137109e+03
2.335662359170439231e+03
-1.504283105737968526e+03
-1.884792277369721205e+03
1.595367358706870391e+03
1.370984023374868002e+03
-1.585070147377937246e+03
-8.422883800012135680e+02
1.474949874492037679e+03
3.431860214095057700e+02
-1.275947417328228312e+03
9.145869539248245417e+01
1.005172830013214025e+03
-4.349841059873172071e+02
-6.824257782352984805e+02
6.670618192057671649e+02
3.271333976896801801e+02
-7.751479515270935963e+02
3.742834385800662744e+01
7.477956264500386396e+02
-3.849485154033976073e+02
-5.809147806421664200e+02
6.790567802428407731e+02
2.804482143790991131e+02
-8.790552142341005037e+02
1.310188611345943457e+02
9.426257796261555768e+02
-6.101389139350703772e+02
-8.391094892512103343e+02
1.094216710101256922e+03
5.599412486019872404e+02
-1.516051569421426393e+03
-1.242332541338386989e+02
1.811949405167805935e+03
-4.218535431693858868e+02
-1.936876122769881249e+03
1.017157611919287319e+03
1.870621861524514543e+03
-1.588190278236671929e+03
-1.619146101220763967e+03
2.065256726390759013e+03
1.218208520440116899e+03
-2.392091958095541031e+03
-7.232495973356216155e+02
2.533840557559953595e+03
2.032543143536655350e+02
-2.482056681494523673e+03
2.762828524286832703e+02
2.255496331708983234e+03
-6.601278600846337667e+02
-1.891932746600528844e+03
9.125862570902537527e+02
1.441787050517452599e+03
-1.018388121962894729e+03
-9.580000521949699532e+02
9.846796652538369017e+02
4.893138043564486566e+02
-8.344304497340907574e+02
-7.517503569680695819e+01
5.997917881000970510e+02
-2.550576794559908080e+02
-3.193369654643361173e+02
4.865366346625348228e+02
2.913226958027788527e+01
-6.168444498893641139e+02
2.433230509787856022e+02
6.487856713561245670e+02
-4.790085132450321908e+02
-5.910109585491726421e+02
6.689429443875253583e+02
4.502066743253155892e+02
-8.087608348135610186e+02
-2.301335552274204019e+02
8.918253433121878970e+02
-6.084641539054285175e+01
-9.071150955845723729e+02
4.052825045308582617e+02
8.409360243103448056e+02
-7.701367936601901647e+02
-6.902897497526050756e+02
1.108764925728524076e+03
4.643080942847378196e+02
-1.370986210299074173e+03
-1.987682287528162419e+02
1.518828274892714035e+03
-5.362297872620221284e+01
-1.540118165000377758e+03
2.381051846641880445e+02
1.456985404140129049e+03
-3.140697074001816418e+02
-1.317752934855189551e+03
2.733429377250938046e+02
1.180192025065010057e+03
-1.435947420685529323e+02
-1.092073575222546197e+03
-1.898564371840512521e+01
1.070189476809308871e+03
1.523698096120863852e+02
-1.101859295064638218e+03
-2.085629669218725155e+02
1.149048250367332002e+03
1.680426291196063744e+02
-1.168739018037108508e+03
-4.745494804259317334e+01
1.131061277618867507e+03
-1.140663640429407764e+02
-1.032083003404594592e+03
2.740810198460558240e+02
8.942792258253678028e+02
-3.980897715096015759e+02
-7.547201116058975003e+02
4.769118459780572721e+02
6.509050301276682831e+02
-5.224384248527615000e+02
-6.056398459219127517e+02
5.629975472147834807e+02
6.201512988800028552e+02
-6.280907895991001624e+02
-6.721216062398740405e+02
7.356080260137680398e+02
7.250636810532014351e+02
-8.861715684980147216e+02
-7.401236778568706995e+02
1.057921101801754958e+03
6.895132016469485734e+02
-1.218936061239828859e+03
-5.648415744439372475e+02
1.330863005142141219e+03
3.766073075538826060e+02
-1.366714967565263578e+03
-1.541258736732783632e+02
1.311003347481766696e+03
-6.614426439324755336e+01
-1.172967585566855632e+03
2.499315387452561197e+02
9.771543502409782604e+02
-3.711983104801622630e+02
-7.579105640251236764e+02
4.200628849020510529e+02
5.504150459121650556e+02
-3.963171313579749153e+02
-3.860639871661498432e+02
3.091217551122226723e+02
2.870729860179666275e+02
-1.729636058025091643e+02
-2.670292755572212968e+02
4.494968076680083691e+00
3.301488795518445158e+02
1.739300355944543526e+02
-4.690681614137791939e+02
-3.396331842522807847e+02
6.619750900403020069e+02
4.693364882774758371e+02
-8.751738465512560197e+02
-5.491437518468937924e+02
1.065610251104404142e+03
5.785954682627400416e+02
-1.189809093900978269e+03
-5.718461228479925467e+02
1.218693334994280121e+03
5.565008676118526409e+02
-1.143859637150225126e+03
-5.590674408439592753e+02
9.826989493404089444e+02
5.973660266668714485e+02
-7.731173651655959702e+02
-6.639561539019302927e+02
5.593758158800801539e+02
7.331994896867087164e+02
-3.749939680076699347e+02
-7.650220017578162697e+02
2.343352788938449294e+02
7.207495948630928524e+02
-1.311349144690389323e+02
-5.808467735633340681e+02
4.539465229676161329e+01
3.479642535906998546e+02
4.147421235753864011e+01
-4.899444353528922136e+01
-1.401811876971665072e+02
-2.751859551167619884e+02
2.465355047656934744e+02
5.879684019444352998e+02
-3.463496798572064677e+02
-8.551085757403136540e+02
4.242706147771807537e+02
1.058239865908690945e+03
-4.706120019673347201e+02
-1.185865529744314472e+03
4.863521831357644487e+02
1.232740049861964053e+03
-4.820650790555600906e+02
-1.193904848715078970e+03
4.713622459855657780e+02
1.062840051221685144e+03
-4.645093518939857518e+02
-8.375960498814308721e+02
4.622594585204005853e+02
5.263456921763591936e+02
-4.559241192229919761e+02
-1.490280065291668734e+02
4.348493135808276406e+02
-2.562127551373869778e+02
-3.920683523529515924e+02
6.462484496546312585e+02
3.260252192225611907e+02
-9.754672668718282011e+02
-2.459096398530569445e+02
1.208015895940887958e+03
1.664058794903679086e+02
-1.322943241638787640e+03
-1.038314192906659770e+02
1.317686062054658805e+03
6.849671896352323586e+01
-1.204945884710205519e+03
-6.511774592787131155e+01
1.009053242115857756e+03
8.828407954087550991e+01
-7.588344567242428411e+02
-1.311013854205991436e+02
4.818966815740553784e+02
1.809651560077625163e+02
-2.050665019410924117e+02
-2.310190711310586664e+02
-4.734598497252365235e+01
2.756485177536403057e+02
2.589955350748053320e+02
-3.139679056497479905e+02
-4.121701453519437450e+02
3.443872950896738416e+02
4.939492669354689838e+02
-3.642281651702297722e+02
-4.977809262613579904e+02
3.672263763006229738e+02
4.229195114126396220e+02
-3.434432551864059633e+02
-2.773438120653403871e+02
2.791530509100125528e+02
7.830222049080184377e+01
-1.635565119644366519e+02
1.470807220612980757e+02
-8.968895182631248630e+00
-3.662038341131009815e+02
2.360272584869825607e+02
5.479409020589245074e+02
-5.009838452040787047e+02
-6.668105503795193272e+02
7.757355712633983558e+02
7.087812193425821761e+02
-1.028992562373889996e+03
-6.770186038865367664e+02
1.229814880287665801e+03
5.903992552957869293e+02
-1.356860204643586940e+03
-4.731357333330747679e+02
1.400551966189219456e+03
3.533325436910174062e+02
-1.364481625201484803e+03
-2.552698688452501017e+02
1.260780314954821051e+03
1.973503150202984102e+02
-1.107961533153785240e+03
-1.908448583952952902e+02
9.295720459404014946e+02
2.431482919339967168e+02
-7.558994585250433147e+02
-3.492928021118809738e+02
6.165381776089101322e+02
4.950060093279202533e+02
-5.412896934913599125e+02
-6.510200858597588649e+02
5.454982159665333938e+02
7.815246170174800682e+02
-6.263044935328051679e+02
-8.499924266505646528e+02
7.561343877800853761e+02
8.361633986120572217e+02
-8.945528526735533887e+02
-7.439213026434806579e+02
9.991969362065716496e+02
5.998940311428181076e+02
-1.041168386394193931e+03
-4.463210134086035623e+02
1.012959739352821316e+03
3.211231587865003689e+02
-9.234702314615926753e+02
-2.514859446936633560e+02
7.940499339833334034e+02
2.484648451989672253e+02
-6.454307919726791170e+02
-3.097327573039027584e+02
4.960312476232513177e+02
4.230021701239966205e+02
-3.603386877332235372e+02
-5.747982378444787628e+02
2.483625111168962007e+02
7.430863807585085397e+02
-1.692076958786953185e+02
-9.086027123101108600e+02
1.303058242818150063e+02
1.047007692872915641e+03
-1.336999061496391619e+02
-1.135054609905548205e+03
1.742266228525848533e+02
1.154882498820545379e+03
-2.396327093105796564e+02
-1.095821424008326858e+03
3.109740104988081271e+02
9.629353089298139139e+02
-3.671987105443248538e+02
-7.740190127097441746e+02
3.904414586673397025e+02
5.579114752822305263e+02
-3.721543690761671996e+02
-3.531859659840552013e+02
3.130116509401119629e+02
1.974371918470760363e+02
-2.248190190424777484e+02
-1.233781461959023034e+02
1.310188214459227254e+02
1.508815856299951292e+02
-6.336754929762435040e+01
-2.815513047316737811e+02
5.353863338058399535e+01
4.939488374059485523e+02
-1.282233163102611115e+02
-7.440559926403025202e+02
2.953654781547956532e+02
9.723686680874357080e+02
-5.343392104724342744e+02
-1.120741764660492890e+03
7.992102469317289888e+02
1.152591153692858825e+03
-1.023398257842746489e+03
-1.064880620340079304e+03
1.146951245763413226e+03
8.915586942515692499e+02
-1.131545191767610277e+03
-6.922544801043115967e+02
9.777255035393224034e+02
5.325687861502975693e+02
-7.248958725959538469e+02
-4.613771056428119550e+02
4.386519350532950057e+02
4.959041986978292584e+02
-1.905872223957118194e+02
-6.186317449093141931e+02
3.300795244942775497e+01
7.917382052199100144e+02
6.244944071181300238e+00
-9.638417283721807962e+02
6.317538208566495683e+01
1.095408646877307774e+03
-2.080211774688960134e+02
-1.162827167697476398e+03
3.800193799528992713e+02
1.164170365781256351e+03
-5.323987924489331363e+02
-1.117069185743763455e+03
6.304636899664028533e+02
1.047591246460510547e+03
-6.562507506387836429e+02
-9.798321389465486391e+02
6.064263331070241065e+02
9.309015393870537309e+02
-4.925890967464706591e+02
-9.099579364979935008e+02
3.323118893467123485e+02
9.140993433639500836e+02
-1.481198396538468103e+02
-9.355499390931212247e+02
-3.822291216500360633e+01
9.609729188661307262e+02
2.039405493214155172e+02
-9.744881716786644574e+02
-3.329916288278764682e+02
9.581833610831484975e+02
4.147893954834385113e+02
-8.976156216221003206e+02
-4.521507362593280845e+02
7.869409480106269257e+02
4.533393535503533371e+02
-6.311687284550988579e+02
-4.349854669452782900e+02
4.501973477331060280e+02
4.069191261176912349e+02
-2.703122036111703892e+02
-3.729151381157753917e+02
1.173301007460831613e+02
3.259525402421622857e+02
-9.255588162616183112e+00
-2.532236867082485503e+02
-5.339233554602483167e+01
1.451687173525268406e+02
8.887319685069195430e+01
-3.081218046320395754e+00
-1.247801105095285550e+02
-1.556321405086528387e+02
1.929410304506351395e+02
2.977253869345333896e+02
-3.140538401296804523e+02
-3.755455326108748295e+02
4.887185045172880677e+02
3.433083058816160928e+02
-6.922581056898341103e+02
-1.721339739821331420e+02
8.788512006685857614e+02
-1.360922681482726091e+02
-9.928358420060545768e+02
5.453195979017230002e+02
9.889953493337354757e+02
-9.849398520008962805e+02
-8.441335977871270870e+02
1.367638126440753013e+03
5.703537874456105783e+02
-1.606373420713495761e+03
-2.171346235119887638e+02
1.637995924803829666e+03
-1.371956009069404843e+02
-1.441152508797075825e+03
4.123498386908617590e+02
1.042768259283389852e+03
-5.378685501813200744e+02
-5.129295411434138714e+02
4.800333999743135109e+02
-5.520236433219319139e+01
-2.473508702551872602e+02
5.674809167730684294e+02
-1.128747142629861173e+02
-9.522695238286398762e+02
5.324014409049902952e+02
1.168785933053468170e+03
-9.350639660571536069e+02
-1.211939558051771883e+03
1.260069377645042096e+03
1.108265332716775902e+03
-1.471939435059901825e+03
-8.971558701507700562e+02
1.563643248807087275e+03
6.203341632465720750e+02
-1.551215932568473590e+03
-3.134243481304379202e+02
1.463023932198938382e+03
-1.690944842018222927e+00
-1.327958866700821090e+03
3.137934107636129397e+02
1.169026698422864911e+03
-6.173704810225543724e+02
-9.977176738471505359e+02
9.046832393504047332e+02
8.191494617439005879e+02
-1.164014936382405267e+03
-6.295282483684962926e+02
1.375433307205274104e+03
4.342551137062769726e+02
-1.514846182174361502e+03
-2.462111169522636089e+02
1.559932226328244269e+03
9.333251336236203599e+01
-1.502684460890658102e+03
-1.106201104065263863e+01
1.354900761472300701e+03
3.240478005929402627e+01
-1.152016274047201932e+03
-1.741181378125844219e+02
9.428841279107357423e+02
4.269241871661558321e+02
-7.769439013307822961e+02
-7.521139297805574415e+02
6.910415336418976722e+02
1.094623399663720647e+03
-6.948410434832298961e+02
-1.389974434238007234e+03
7.729911991929353690e+02
1.584845767110977249e+03
-8.879144655593202060e+02
-1.646209201400069560e+03
9.905565189038142080e+02
1.568620157471815219e+03
-1.034113738328286900e+03
-1.373564712463135038e+03
9.841786660820857833e+02
1.102145086751875624e+03
-8.281990838002918736e+02
-8.062944104654698094e+02
5.741745183882983383e+02
5.353583803965407242e+02
-2.513230741394671384e+02
-3.286787233148318137e+02
-9.931108217671624061e+01
2.068276145375584463e+02
4.321117732610364897e+02
-1.683370181084928561e+02
-7.107497894042909365e+02
1.941772869259451682e+02
9.123167052310911913e+02
-2.551067720229088707e+02
-1.032015416993624967e+03
3.179530607908082516e+02
1.082045006620994400e+03
-3.573204089188455441e+02
-1.085345330610853580e+03
3.589696526292200360e+02
1.066794412494617973e+03
-3.231117498776933417e+02
-1.044943045428306050e+03
2.585198208054094380e+02
1.031094319274850932e+03
-1.813715143704750119e+02
-1.022694426682759513e+03
1.051661180794376520e+02
1.011944048747597208e+03
-4.125480499765583886e+01
-9.878096776836446224e+02
-4.253715443595711854e+00
9.408222069989396914e+02
2.987483409714080196e+01
-8.679783221910338398e+02
-3.719522429652601403e+01
7.698888344444651466e+02
2.909647163564956429e+01
-6.566987582155164773e+02
-8.423449220873886034e+00
5.409099679447750759e+02
-2.306657989018606258e+01
-4.359485397188311708e+02
6.695711862899250377e+01
3.537436300438460535e+02
-1.241650069321023153e+02
-3.009815312039528976e+02
1.972994216187870791e+02
2.780767197663475940e+02
-2.833044459448652788e+02
-2.791437803719090880e+02
3.787426782203190214e+02
2.943541279296750872e+02
-4.769990592382906698e+02
-3.130122035916311916e+02
5.708787090002335844e+02
3.223930535787577014e+02
-6.489680343244842788e+02
-3.144592755525289363e+02
7.030758442836726090e+02
2.841821419336696977e+02
-7.239885816388693911e+02
-2.353084157552215743e+02
7.088760347690082426e+02
1.742217941606028262e+02
-6.607658448542955512e+02
-1.144319010250995774e+02
5.905396402740726671e+02
6.623173941255748787e+01
-5.140016648782204811e+02
-3.628444970269448788e+01
4.501833614276825983e+02
2.217823362512509178e+01
-4.117234592999271854e+02
-1.730450433005850996e+01
4.078074875123658103e+02
9.158185104734226201e+00
-4.339899490609277564e+02
1.453376668357590162e+01
4.778296018440359489e+02
-6.111911299732264524e+01
-5.180162933556707685e+02
1.274028449169856856e+02
5.368575264797322006e+02
-2.044790797001799092e+02
-5.207396515744709404e+02
2.784890981494848461e+02
4.641545295446473460e+02
-3.373786305432344648e+02
-3.693233877890390886e+02
3.728656721663587064e+02
2.416562221980730385e+02
-3.819493083239863722e+02
-8.494100561464662746e+01
3.627511611062859060e+02
-9.418254182881574366e+01
-3.137076449959572528e+02
2.909987983030027294e+02
2.288618324097751326e+02
-4.961682627388753417e+02
-1.051175546398715852e+02
6.936996883569805732e+02
-5.853169918441088271e+01
-8.606284905861540437e+02
2.518149867569229912e+02
9.744878653628646816e+02
-4.501780827949064019e+02
-1.021897349135063109e+03
6.200393543471811881e+02
1.007218627091768553e+03
-7.283577032905075157e+02
-9.506998517501773449e+02
7.509082789871467867e+02
8.870093635099527773e+02
-6.823233829479706856e+02
-8.547409739612960493e+02
5.373140238866453728e+02
8.841745546369036219e+02
-3.514918919890166649e+02
-9.861212536279281267e+02
1.674792501448790745e+02
1.148690249391145926e+03
-2.221165163814418264e+01
-1.338549615405247550e+03
-6.332419073912415541e+01
1.510652849920152903e+03
9.214292570656084536e+01
-1.622973388760712851e+03
-8.927027179686733405e+01
1.650743786782986035e+03
8.960432307445499589e+01
-1.589793019581373073e+03
-1.281121547197351447e+02
1.458095833990460960e+03
2.288123170317465167e+02
-1.291046558478973793e+03
-3.971536215216601704e+02
1.128058978889249602e+03
6.138858713301056014e+02
-1.003877647375782999e+03
-8.463237626148012396e+02
9.358308188888298673e+02
1.050625431465964994e+03
-9.223870938761707521e+02
-1.194966221240905270e+03
9.452602535264680910e+02
1.260966700463184907e+03
-9.810569162945448625e+02
-1.249044915149061580e+03
1.013482243800256811e+03
1.174869428520922611e+03
-1.038036265793312850e+03
-1.056198524897000425e+03
1.059785719414765026e+03
9.042481877846619227e+02
-1.087882328263232694e+03
-7.234583399218970499e+02
1.125179728328036390e+03
5.132108544553407228e+02
-1.160940722083349783e+03
-2.739246273068604296e+02
1.175945709335230504e+03
2.032310106783450010e+01
-1.143767026828015105e+03
2.193382008881906131e+02
1.048980851298007565e+03
-4.100326262284644372e+02
-8.938801089237663291e+02
5.134975533244755752e+02
6.978667986037328319e+02
-5.044032286690317051e+02
-5.018332227749745016e+02
3.822250019919765691e+02
3.502170600391112885e+02
-1.730059983321184518e+02
-2.829858227989929560e+02
-7.119216619438587657e+01
3.180299533478506646e+02
2.843926131593748892e+02
-4.429852461795033491e+02
-4.058503878663126443e+02
6.182204626408649801e+02
3.934318737091975322e+02
-7.825887989284325386e+02
-2.392585871055508733e+02
8.729527729688529689e+02
-2.657745469500155622e+01
-8.424026910521311038e+02
3.481355174900340330e+02
6.730448152485284936e+02
-6.521737887596730161e+02
-3.818216888917380061e+02
8.700302567627118151e+02
1.720156016921658448e+01
-9.550462947307445347e+02
3.531390744494235605e+02
8.887330831570459395e+02
-6.610598174276832424e+02
-6.870206683057155033e+02
8.507606917581491643e+02
3.874907297674291158e+02
-8.948354722944934565e+02
-4.295249976645890655e+01
7.910787159713047458e+02
-2.932833187354954703e+02
-5.670314940023322379e+02
5.777459936627411707e+02
2.675755909833466148e+02
-7.841121640989866819e+02
5.248041682643269468e+01
9.050709134171513597e+02
-3.423213300671428669e+02
-9.521858030315337373e+02
5.634303914942175879e+02
9.467902325117939881e+02
-6.951672353077212847e+02
-9.120585981793799419e+02
7.356309322056337123e+02
8.658477061816341802e+02
-6.950791030448250467e+02
-8.167884675030561539e+02
5.893464040990073727e+02
7.646957531331754581e+02
-4.281939560200489723e+02
-7.082837005207022685e+02
2.190725438319484795e+02
6.528111823689209814e+02
3.315079942181041162e+01
-6.128671031313551794e+02
-3.204237813794110252e+02
6.090284355062768782e+02
6.222151862300140692e+02
-6.641735827354133335e+02
-9.049641421230846845e+02
7.887626645880419574e+02
1.124715899353568830e+03
-9.722354812371929711e+02
-1.238790392580340267e+03
1.179095249321543633e+03
1.220527613937767001e+03
-1.351992797068537811e+03
-1.070093254197409578e+03
1.429875188745365449e+03
8.221719165593536900e+02
-1.359174686830120891e+03
-5.400074865484206157e+02
1.118826496718899989e+03
3.009630527996150704e+02
-7.290996740263340143e+02
-1.742287607831769662e+02
2.499749005559865793e+02
1.987312854053965623e+02
2.305741997235577685e+02
-3.675809881738333047e+02
-6.248493040941630170e+02
6.264592630434472085e+02
8.650780971478304764e+02
-8.887811468150157452e+02
-9.292048557008273519e+02
1.060710579729561459e+03
8.423581849295483153e+02
-1.069979002851882569e+03
-6.659160675875443758e+02
8.877928195409456293e+02
4.800273477337188410e+02
-5.319903446620627392e+02
-3.537344841936970852e+02
6.413913245391685791e+01
3.319010978446307263e+02
4.299205658943986919e+02
-4.207248287506212705e+02
-8.611089358907753422e+02
5.913917152400880468e+02
1.156213983827014090e+03
-7.883567485834305444e+02
-1.273894339986613204e+03
9.431648873665861856e+02
1.211199579887502978e+03
-9.944541018720541388e+02
-1.005891981412881023e+03
9.011317917725123152e+02
7.231619716152935098e+02
-6.566945681689792309e+02
-4.424950993233409804e+02
2.931016114454051831e+02
2.372896587229109855e+02
1.238133706770050964e+02
-1.565894108952350905e+02
-5.108415315716062537e+02
2.070533341886326753e+02
7.820550499475529023e+02
-3.552694950329042172e+02
-8.799216160179586268e+02
5.356441018302165276e+02
7.891126162165838878e+02
-6.732201929618388476e+02
-5.426102916803222342e+02
7.069668620140058692e+02
2.070330909693172998e+02
-6.107222993003719012e+02
1.323636123600927306e+02
3.952124305212973923e+02
-4.026973389189474233e+02
-1.068936780404314959e+02
5.575431236065211351e+02
-1.892225201188041694e+02
-5.899228919376546401e+02
4.363265007319653250e+02
5.280502683042005856e+02
-5.947862515507819126e+02
-4.200265794415846585e+02
6.608452627835340536e+02
3.130240004857270719e+02
-6.570711283576187043e+02
-2.400565559407419869e+02
6.200409733272066433e+02
2.074608445807179464e+02
-5.870966636828261471e+02
-1.993443283187858697e+02
5.797447224626471325e+02
1.879908660008712786e+02
-6.006093454644352505e+02
-1.462696928130702645e+02
6.337443410284308811e+02
5.812076645304261291e+01
-6.544789328338906671e+02
7.203615925443914136e+01
6.391237378926789461e+02
-2.255409800796637398e+02
-5.759823340383971981e+02
3.733985080360886286e+02
4.690951065381623835e+02
-4.848187877179008183e+02
-3.372653864312516134e+02
5.396980515234773748e+02
2.083017884510828992e+02
-5.297982221435249812e+02
-1.120792509274743622e+02
4.634971046479797678e+02
7.154250878396585733e+01
-3.616712016850055420e+02
-9.533024802284157317e+01
2.520215300551412554e+02
1.785954206865812353e+02
-1.665837222227248446e+02
-3.006969051372263948e+02
1.283631821813337979e+02
4.290502234756765461e+02
-1.543598475189561725e+02
-5.226898755671833214e+02
2.425045568291030520e+02
5.388549711163248048e+02
-3.763735216196317310e+02
-4.418957116550640194e+02
5.166356872317006719e+02
2.120808447549061952e+02
-6.111787777284469030e+02
1.415558048226693870e+02
5.999074133139646392e+02
-5.769726975856325453e+02
-4.363354661251206608e+02
1.020016052716597642e+03
1.015044273253764260e+02
-1.375770724684990910e+03
3.771915085691186960e+02
1.551354596662778931e+03
-9.261899755548283792e+02
-1.483036580367277338e+03
1.431288707958651685e+03
1.162165018914880193e+03
-1.767532920287005254e+03
-6.431890657598557937e+02
1.830996483699550936e+03
4.238517842543282654e+01
-1.575923050020388018e+03
4.915125263840104708e+02
1.034752807701684787e+03
-8.230117005801063215e+02
-3.159380591861777248e+02
8.647147676612718215e+02
-4.263441502116230026e+02
-6.134892277630229955e+02
1.034795291933669660e+03
1.401413666189732794e+02
-1.395973371275096952e+03
4.264751974427481969e+02
1.468885853518009753e+03
-9.490707832844009317e+02
-1.289311909822779171e+03
1.319942610283397698e+03
9.491925513313058218e+02
-1.491768974253182478e+03
-5.589397821379407105e+02
1.480809936960006553e+03
2.111109530309195748e+02
-1.346977422653426174e+03
4.525320977627460906e+01
1.164938350790657069e+03
-2.073505971819678564e+02
-9.939083185326636567e+02
3.023331608957545882e+02
8.588982839193893142e+02
-3.650600314958687136e+02
-7.498287702801666228e+02
4.212248075786618529e+02
6.367963719482493161e+02
-4.680818655635883943e+02
-4.892631926230963018e+02
4.837727727455323361e+02
2.884575822891355301e+02
-4.360759113119728454e+02
-4.440692976635679656e+01
2.968672351033755490e+02
-2.118016309527076544e+02
-5.705371629022810254e+01
4.358995464907663404e+02
-2.683324934707712259e+02
-5.796322349822003162e+02
6.372265003265260930e+02
6.074042365345248982e+02
-9.884680661175551677e+02
-5.052044304631489808e+02
1.253227263744785205e+03
2.891624657758006265e+02
-1.368036255415143842e+03
-2.060545296998105957e+00
1.293824777162894407e+03
-2.881985385991568478e+02
-1.021837287094501335e+03
5.054058695805278489e+02
5.880874549556765487e+02
-5.823073444794141551e+02
-6.311657162914882946e+01
4.771743974934553876e+02
-4.537395831831519786e+02
-1.891185314063085627e+02
8.589699038569766572e+02
-2.372219343972609806e+02
-1.065955381588581758e+03
7.189382100177476786e+02
1.028252029728655089e+03
-1.147995824406058546e+03
-7.543356216211255969e+02
1.421152493846264633e+03
3.099615475008877183e+02
-1.462088202015018851e+03
1.933690861856729271e+02
1.251870484798595953e+03
-6.275998055309361234e+02
-8.366855702568939250e+02
8.789346582627063071e+02
3.196679432121342757e+02
-8.858786158144745286e+02
1.642072975013573739e+02
6.560309408178890180e+02
-4.855536453427114907e+02
-2.690717825714312426e+02
5.600016612254478332e+02
-1.490272238394591398e+02
-3.779250093725702300e+02
4.647541579669995144e+02
3.194476429454224053e+00
-5.779798425423851995e+02
4.432637681292627008e+02
4.540456968082925187e+02
-8.251261804132007001e+02
-1.312723528530176509e+02
1.030912404256291893e+03
-2.952090232480725263e+02
-1.006027421999657804e+03
7.050996839777133118e+02
7.653843569999256715e+02
-9.930235186972321344e+02
-3.812574017095582803e+02
1.096893056897860106e+03
-4.325158650938541882e+01
-1.008825051843046140e+03
4.044420871769415839e+02
7.706753126735244450e+02
-6.252686799574685210e+02
-4.622890034810321254e+02
6.703725219590912729e+02
1.703851378802367265e+02
-5.506796983098327019e+02
2.628584893534661404e+01
3.176825029477272437e+02
-8.323324456537571336e+01
-4.637836446736938001e+01
-3.134194598066210258e+00
-1.849441431118577270e+02
1.961583000049026850e+02
3.189460983974857982e+02
-4.268491599053979826e+02
-3.291738895898841974e+02
6.138278349391026723e+02
2.329266578489124129e+02
-6.894172980235833847e+02
-8.310433269529937661e+01
6.188437779131505749e+02
-5.443428877992464976e+01
-4.077522375796233405e+02
1.184402644710758210e+02
1.003779449197256071e+02
-7.403735562570581408e+01
2.360620036438513694e+02
-7.792153469755342599e+01
-5.331952823215088983e+02
2.991667783677265220e+02
7.380869767239626071e+02
-5.232216768445929347e+02
-8.340675694736098649e+02
6.820657534877411763e+02
8.429147506703038744e+02
-7.280996384851790708e+02
-8.149227714896084080e+02
6.553931700477859295e+02
8.005420415758483159e+02
-4.972288863402246193e+02
-8.249166584898173369e+02
3.059620046700242142e+02
8.768031492128161517e+02
-1.261865307467466550e+02
-9.210587750575405153e+02
-3.036902178293614085e+01
9.249367439441939496e+02
1.834549858523221531e+02
-8.890886866165417359e+02
-3.559730670398867574e+02
8.499048259210044307e+02
5.455196354495507194e+02
-8.619692670242571921e+02
-7.053186162815470652e+02
9.558188883996859886e+02
7.613625631513764347e+02
-1.110291599284621270e+03
-6.503853559065348691e+02
1.252114350634469929e+03
3.610333690152747295e+02
-1.287660694122758059e+03
4.710430532994727315e+01
1.148031621576524003e+03
-4.622289649486700114e+02
-8.258563480921194468e+02
7.599375327138867533e+02
3.819569988660996955e+02
-8.479629129933989589e+02
7.635783757940473038e+01
6.996383987493982204e+02
-4.354329016095588827e+02
-3.510006292150802096e+02
6.106741002900869262e+02
-1.154577833191914209e+02
-5.637376306791962861e+02
6.003482311336697421e+02
3.074948975480036211e+02
-1.007815142107971269e+03
1.040776950550137201e+02
1.269642319706716535e+03
-5.974912662841986730e+02
-1.345496753811332837e+03
1.084066120666710049e+03
1.230474988651816375e+03
-1.487580638698913617e+03
-9.480275283937418180e+02
1.744940585950901323e+03
5.465450828442242255e+02
-1.818189930943234231e+03
-8.824552920149636748e+01
1.699763651054736783e+03
-3.593013181164741923e+02
-1.414047121281937507e+03
7.390123516174644465e+02
1.010094506861620061e+03
-1.016729359841335508e+03
-5.485395254579757420e+02
1.184972632442772692e+03
8.501621226751768745e+01
-1.259735082657445446e+03
3.427189775009534287e+02
1.264847644909203382e+03
-7.242863699759215024e+02
-1.215562531655681141e+03
1.058802805948968398e+03
1.109971560189631873e+03
-1.342000051140159712e+03
-9.315199980655044101e+02
1.553912913635945188e+03
6.702979047535498012e+02
-1.654266318531305160e+03
-3.380704130457799010e+02
1.602756150702881769e+03
-2.298900785007080216e+01
-1.373403018562496527e+03
3.460473866782999153e+02
9.767007002286958368e+02
-5.537677421374750111e+02
-4.692820057431731016e+02
5.898808955195146382e+02
-5.635907943617189630e+01
-4.351575178121119052e+02
4.917242097071117541e+02
1.271350045486099845e+02
-7.437943645018649477e+02
2.505316479120921258e+02
7.632728205575642733e+02
-5.871977970362808037e+02
-5.671771508957128844e+02
7.810091849434817277e+02
2.326121716589532014e+02
-7.751865971283251611e+02
1.219550602344178714e+02
5.799015967024938618e+02
-3.822716071360878800e+02
-2.740167518463509282e+02
4.780905501840194916e+02
-2.732472403497587621e+01
-4.127426552250588543e+02
2.183250767438202899e+02
2.559649628248874649e+02
-2.443666479710686872e+02
-1.102744934157692001e+02
1.298651688224319400e+02
6.156227421451782078e+01
4.110716678190647855e+01
-1.397955570749342087e+02
-1.670895090661193194e+02
3.089883334644358115e+02
1.705045121700881907e+02
-4.880156166296961828e+02
-3.124565267209023389e+01
5.930231559514185165e+02
-2.150257728498114886e+02
-5.699852255977471032e+02
5.030490030919256128e+02
4.070582872729721657e+02
-7.580958290330567024e+02
-1.339356501161742585e+02
9.237592433678800035e+02
-1.924491727688797482e+02
-9.630283263011771169e+02
5.021267550087123368e+02
8.719695993279520962e+02
-7.236482020288198100e+02
-6.740100690668087964e+02
8.005027376600922935e+02
4.241767986752599313e+02
-7.082373191602844145e+02
-1.870102923416052647e+02
4.595213683384312731e+02
2.721600110371417358e+01
-1.101127673057034855e+02
2.006774147169715405e+01
-2.624055418491278147e+02
4.308508196217560027e+01
5.824464558214276622e+02
-1.772743591806273855e+02
-7.976240602446604271e+02
3.259962924270475355e+02
8.936204121931793907e+02
-4.372783399430797431e+02
-8.892041710452601819e+02
4.823578032445565782e+02
8.207772914918482456e+02
-4.641870994346933799e+02
-7.220168119232083654e+02
4.074690758782575131e+02
6.128197328709042040e+02
-3.464542086776443170e+02
-4.940220775377298992e+02
3.086556792208986622e+02
3.528195205261271781e+02
-3.040282192127822896e+02
-1.756151638664466645e+02
3.229197082332902937e+02
-4.741877427490656061e+01
-3.386207539129413249e+02
3.063819890523236040e+02
3.200259185084256615e+02
-5.715701730852360924e+02
-2.431019460707048552e+02
7.989924790114401958e+02
1.050662783490354144e+02
-9.422738556516287645e+02
6.846379524441101694e+01
9.752881878173024006e+02
-2.391672789974469140e+02
-8.983688559174705688e+02
3.670301134732363266e+02
7.410880781639718862e+02
-4.303123843063473828e+02
-5.439345343529802221e+02
4.305765881134648225e+02
3.419212390369159493e+02
-3.839533258446863897e+02
-1.533296762075021036e+02
3.057894769902291614e+02
-1.312520664373549373e+01
-2.025422140614041382e+02
1.532035463106664679e+02
7.421054761632848340e+01
-2.527187027826669521e+02
7.637760078403823627e+01
2.970900913859911157e+02
-2.379923546030542241e+02
-2.741822440738226305e+02
3.867828528522254601e+02
1.814314694767948595e+02
-4.964081199684111425e+02
-3.655194303446628368e+01
5.448133476489729219e+02
-1.312918344407742666e+02
-5.238068977510989725e+02
2.881791192325972020e+02
4.436464964433379237e+02
-3.993434798023091616e+02
-3.330188149868799883e+02
4.494050273540191256e+02
2.284138180982210713e+02
-4.419694515997032909e+02
-1.627017235118411520e+02
4.000021015801951876e+02
1.551704292115260841e+02
-3.587387567984792440e+02
-1.991152304611730415e+02
3.450360963163541896e+02
2.713670130843665333e+02
-3.728815203176811792e+02
-3.370423102780761155e+02
4.317733002153109396e+02
3.660983519932266290e+02
-4.940592267956453725e+02
-3.461736118685102497e+02
5.225060290918538612e+02
2.884833611352451612e+02
-4.912475240848214639e+02
-2.244386757428119665e+02
3.977714088053613750e+02
1.886340732345680351e+02
-2.708115142217656626e+02
-1.970124775393601908e+02
1.533023400917594472e+02
2.370974349272718484e+02
-8.021765700426654178e+01
-2.698492426594887661e+02
5.804307229819817593e+01
2.560595502605813181e+02
-6.593094833060655446e+01
-1.785516543399354816e+02
6.677921357342587783e+01
4.641518931423368599e+01
-3.435322816325948736e+01
1.130855241221718757e+02
-4.414263051542049965e+01
-2.712477333504689341e+02
1.701193647240731082e+02
3.990816944708508913e+02
-3.363459827481042907e+02
-4.717051712451830667e+02
5.254466669963807135e+02
4.666659189683244335e+02
-7.060054361173607731e+02
-3.784887312234971546e+02
8.402190293864729256e+02
2.251715900512855342e+02
-8.931065438834225461e+02
-5.176431112663409806e+01
8.557912851194749919e+02
-8.819162827030633878e+01
-7.508112022048522931e+02
1.548893741744777515e+02
6.248908655511422694e+02
-1.389170093390153227e+02
-5.301184777840122706e+02
6.544514725860518922e+01
4.974994953217233160e+02
1.442644421405134203e+01
-5.266709846660305629e+02
-4.930567580226231428e+01
5.770936434238733455e+02
8.576058291974753445e+00
-5.866989180877214949e+02
9.562175309454406147e+01
4.989503804887859815e+02
-2.130008620656792573e+02
-2.911952250901666730e+02
2.729700089557658202e+02
-8.827316913099393147e+00
-2.208143604528901562e+02
3.318182482921450855e+02
4.003686241672297541e+01
-5.939397755086580446e+02
2.320584398550136314e+02
7.287129630335019783e+02
-5.248928413932569583e+02
-7.139286267084710289e+02
7.576071807958996942e+02
5.728993445799399069e+02
-8.728015747045237731e+02
-3.625416782716945363e+02
8.517339102313007970e+02
1.461606867090720243e+02
-7.197875979212325319e+02
3.106762784204845929e+01
5.237648284956090947e+02
-1.608998336385796790e+02
-3.098727917623041321e+02
2.559989470221726151e+02
1.019577877581795775e+02
-3.362393049910180594e+02
1.003670662622029255e+02
4.072471750981026162e+02
-3.072899081074493211e+02
-4.510696814887170376e+02
5.171422367147703198e+02
4.371581817093286872e+02
-7.057032015794553672e+02
-3.474479693943925440e+02
8.286509574813979953e+02
1.915537210899537968e+02
-8.429696875663895526e+02
-9.183402373779783190e+00
7.297644940621974001e+02
-1.403338448405092436e+02
-5.049753181055430105e+02
2.022558577566581448e+02
2.151360382215855225e+02
-1.467516650963799520e+02
7.907931156719180876e+01
-2.898920915398181108e+01
-3.137884478728711883e+02
3.061589208190109161e+02
4.371580930306063806e+02
-6.398294661997736057e+02
-4.077512122444980491e+02
9.684761672338693188e+02
2.112115899979862093e+02
-1.217219626584927255e+03
1.363359422094854096e+02
1.309858287729029598e+03
-5.820968715072117448e+02
-1.185577580929530995e+03
1.034272201938140142e+03
8.203608954303359724e+02
-1.376785046624159349e+03
-2.471347616767167210e+02
1.497801690310976937e+03
-4.374241289029487803e+02
-1.328097693795469468e+03
1.093107589808019611e+03
8.722529640225482126e+02
-1.573777141869336447e+03
-2.174968368649973911e+02
1.781753277055372791e+03
-4.927806043878023843e+02
-1.699849867856624769e+03
1.111008812539415885e+03
1.387676040008514292e+03
-1.530834778812748709e+03
-9.505025348277558805e+02
1.710084225457611637e+03
4.972366250065250028e+02
-1.659735087434723482e+03
-1.094323197052431738e+02
1.422161681935437173e+03
-1.623071487632056460e+02
-1.050886782947672828e+03
2.986262870824864422e+02
5.972703849063499320e+02
-2.931820736404021659e+02
-1.152773252618779054e+02
1.531586614439395930e+02
-3.456196490452334729e+02
1.059578331075299360e+02
7.311246844883364702e+02
-4.559462297384486078e+02
-9.850374855475204185e+02
8.502861335009315553e+02
1.063949405469917565e+03
-1.220208801091345094e+03
-9.450159077003941093e+02
1.485754919609110175e+03
6.503011908151041780e+02
-1.572036795024977209e+03
-2.446274437711319649e+02
1.439825685563180969e+03
-1.772402103724660094e+02
-1.098092279073403006e+03
5.212629630473420548e+02
6.097878925114860067e+02
-7.185645786622366131e+02
-6.602456726148243149e+01
7.502450952196664957e+02
-4.371677104045925830e+02
-6.375908946753771716e+02
8.279331210179377649e+02
4.325292359955012103e+02
-1.070951062462715072e+03
-1.952761679987237926e+02
1.161508042318339903e+03
-2.201979684597699460e+01
-1.123021429327781561e+03
1.849908287826051208e+02
9.881727169897036447e+02
-2.702297731665714196e+02
-7.981856583556442502e+02
2.690737244139169775e+02
5.967482891154870686e+02
-1.851203299308234023e+02
-4.269945895379520380e+02
4.138935672176778979e+01
3.261356244975077630e+02
1.275520466183435389e+02
-3.121566037055035281e+02
-2.753670156040874986e+02
3.791289805394372365e+02
3.575283125401300595e+02
-4.938719430839125266e+02
-3.464105907016503352e+02
6.038011779871609406e+02
2.455196457938059780e+02
-6.540059552531406553e+02
-8.835570440723553531e+01
6.048795811896545729e+02
-6.698914964118057469e+01
-4.520272922607563260e+02
1.662646360966977568e+02
2.221750612123542226e+02
-1.647818944244625072e+02
3.246597074750155087e+01
5.424603800693124356e+01
-2.547752336400371007e+02
1.449413049911746327e+02
3.908189264249410257e+02
-3.810204812036468525e+02
-4.120656630129743121e+02
5.850638183881877694e+02
3.258844410760111714e+02
-6.908043628998899521e+02
-1.735115611915151135e+02
6.569003800550461847e+02
2.204126358545138942e+01
-4.839796802421622033e+02
6.206695696450486111e+01
2.177911029899817379e+02
-3.841615889344949153e+01
6.747635931752010663e+01
-9.266607858152181620e+01
-2.936126322647311326e+02
2.881361109730988801e+02
4.071747821217828118e+02
-4.758072037453550251e+02
-3.920622283204923519e+02
5.792379050314483493e+02
2.823544577937579447e+02
-5.498232739217922926e+02
-1.423866088586348155e+02
3.853779832094014068e+02
3.828034259615117207e+01
-1.277232135441092851e+02
-7.710549109500463238e+00
-1.592278640275492876e+02
5.299160406775074250e+01
4.239881394226143243e+02
-1.484537369817273600e+02
-6.371024984955371337e+02
2.691619679688766382e+02
7.939816051158544497e+02
-4.055032432641140758e+02
-8.929725515426207494e+02
5.574595659359522415e+02
9.220308708655732062e+02
-7.182651424055417237e+02
-8.645888132871547214e+02
8.619859709429441637e+02
7.193708442095562532e+02
-9.460319382122453362e+02
-5.154089509308366814e+02
9.388325057393922179e+02
3.108698814879435304e+02
-8.388697515644012128e+02
-1.653207652285366862e+02
6.832095541730068362e+02
1.132479294859927421e+02
-5.251302625281465453e+02
-1.491457300668519110e+02
4.109452592913684157e+02
2.359813978164273180e+02
-3.566953111447591027e+02
-3.274353055213110792e+02
3.478720580686454014e+02
3.918320162228739605e+02
-3.532413327542529373e+02
-4.235135104621190862e+02
3.432381516038983023e+02
4.389879665692761819e+02
-3.109154275113092467e+02
-4.640169928327345019e+02
2.731618377086998635e+02
5.128131102434673494e+02
-2.614329274274678028e+02
-5.747589312219930662e+02
3.040599235333534693e+02
6.219933249401465218e+02
-4.064472061615053917e+02
-6.229777257722541890e+02
5.522708711101845438e+02
5.551498660641016158e+02
-7.107754546455596483e+02
-4.157123287904781250e+02
8.506947079365704667e+02
2.093527179758023067e+02
-9.384476683729200204e+02
4.895516163514401597e+01
9.417618082972165894e+02
-3.304225581152338123e+02
-8.295823052929597452e+02
5.831487345413328285e+02
5.939983196715110125e+02
-7.368234846919833672e+02
-2.692408973670521846e+02
7.320187100727752068e+02
-6.416612394381616014e+01
-5.498769533630714932e+02
3.090236463124070383e+02
2.343823218443281746e+02
-3.848157322477417779e+02
1.242687621681406398e+02
2.692370643922173485e+02
-4.198477294129405664e+02
-3.284396842244348580e+00
5.727315983922391069e+02
-3.240425450255139026e+02
-5.574312424533301282e+02
6.119331820054271702e+02
4.050514692566376311e+02
-7.807725411936164619e+02
-1.872274601233125679e+02
7.948902899316234425e+02
-1.210818540569062129e+01
-6.621807228620995147e+02
1.235123216054747104e+02
4.258827480282864713e+02
-1.013535598296993925e+02
-1.470977464465009916e+02
-6.600758032006831399e+01
-1.022079179619490787e+02
3.609916626895620198e+02
2.614863406293103480e+02
-7.321659145972300848e+02
-2.817369914600757284e+02
1.101873649383248448e+03
1.495349160070692562e+02
-1.380795274011509719e+03
1.064565608616203178e+02
1.488071294029449064e+03
-4.144142342540722552e+02
-1.381899733824814803e+03
6.766156350214464510e+02
1.072711956445383976e+03
-7.962655970288968774e+02
-6.331534971404427097e+02
7.160606376103552293e+02
1.704740355351275980e+02
-4.373133856561336188e+02
2.013157153861010897e+02
2.113063240461482906e+01
-4.029903713645018684e+02
4.302848912676356576e+02
4.082937918612282715e+02
-8.057892332439835172e+02
-2.523568224227406915e+02
1.021931816235059500e+03
1.627431538290754531e+01
-1.047970577766484894e+03
2.084711768785861068e+02
9.101648084290469569e+02
-3.468870854025996664e+02
-6.751518753944399123e+02
3.643838811487959788e+02
4.246686495994912889e+02
-2.661647425048013247e+02
-2.299404107306171454e+02
9.143355639296672166e+01
1.370251634203203821e+02
1.047089654865301611e+02
-1.601525871269076333e+02
-2.718910171183005673e+02
2.865417237330888156e+02
3.699117588832322667e+02
-4.836136531252204804e+02
-3.725895664972356371e+02
7.081840194036468574e+02
2.746326846142307545e+02
-9.117880015282515842e+02
-8.843215025006755070e+01
1.049670346172790687e+03
-1.541480833417896292e+02
-1.085996950708320810e+03
4.113439446077611024e+02
1.005041316534536008e+03
-6.350545792247675081e+02
-8.142023138083831100e+02
7.815762719018739517e+02
5.381093307402039727e+02
-8.238235254620884689e+02
-2.188499888158768556e+02
7.492119131241803416e+02
-9.409923301461532219e+01
-5.699608410517098491e+02
3.514370278742541700e+02
3.168044394960736554e+02
-5.126555685918591507e+02
-4.228201471380079113e+01
5.597787309982074930e+02
-1.971333314877988698e+02
-4.980670086200768196e+02
3.521345095833833625e+02
3.601055734075193300e+02
-3.976049751650505755e+02
-1.859963634231565379e+02
3.352575876551590000e+02
9.485284962238463180e+00
-1.838795023594757083e+02
1.452021683096355957e+02
-2.957279882535861759e+01
-2.639438663884040466e+02
2.759932549583608647e+02
3.392293034126853968e+02
-5.218019127913025841e+02
-3.723764026670968406e+02
7.373805542570197531e+02
3.730326966044397636e+02
-9.040579603739648746e+02
-3.554845392933227686e+02
1.014757934798754945e+03
3.294375448128873245e+02
-1.069120791383146070e+03
-2.993554622123535296e+02
1.068872369674470065e+03
2.681831171723305829e+02
-1.017765221069392737e+03
-2.423458407186960244e+02
9.237479913925607207e+02
2.271075590805578770e+02
-7.970119780770145326e+02
-2.290404955831176039e+02
6.535767773131655076e+02
2.517626716876625892e+02
-5.099224875450250920e+02
-2.973475921660245263e+02
3.886475717375399768e+02
3.595982333498353682e+02
-3.092073852622397112e+02
-4.209757106889715601e+02
2.813200188483436932e+02
4.590100444434036149e+02
-2.984151089585902810e+02
-4.569567051838832867e+02
3.410598718021920490e+02
4.100003514671332709e+02
-3.890492087715974208e+02
-3.262598321997961648e+02
4.249677462315421508e+02
2.186169253455688022e+02
-4.403167168346116682e+02
-1.041414597106476805e+02
4.298662358780023851e+02
6.324252223119135319e-02
-3.988736292848570315e+02
8.530425656443499349e+01
3.568314115212603497e+02
-1.490436467447087523e+02
-3.100748536100571187e+02
2.004646630839302475e+02
2.567769492328570777e+02
-2.468583506315372631e+02
-1.853247293463614653e+02
2.887319250914715099e+02
8.029298398405848047e+01
-3.108871598037782178e+02
6.505569567669977005e+01
2.880764742094181088e+02
-2.416548605962638021e+02
-1.900523902678233412e+02
4.158397997466491915e+02
1.493349925713786774e+00
-5.357808836601576559e+02
2.656022535760386063e+02
5.469171172339300711e+02
-5.615433808814243548e+02
-4.181724106902083236e+02
8.091201295723894873e+02
1.611612251751455176e+02
-9.301607585861470398e+02
1.572031417156743771e+02
8.767941194185549421e+02
-4.394900284331267244e+02
-6.596442448871702027e+02
5.809860914373026617e+02
3.551463414080922121e+02
-5.267943773974657233e+02
-7.708799466763831276e+01
2.958913686688415510e+02
-6.640049034539032391e+01
2.022574748413365597e+01
3.030963364962280338e+01
-2.988491280508993100e+02
1.529735701128506662e+02
4.374372431401951644e+02
-3.875428510567666081e+02
-3.934126551921594341e+02
5.522005860091895784e+02
2.023212369469295311e+02
-5.519303727931035155e+02
4.038436128578742768e+01
3.538114658774436521e+02
-2.152249535877353992e+02
2.340019321947428566e+00
2.242761125774660513e+02
-4.151545090021348869e+02
-2.931219927801336311e+01
7.599528062812346434e+02
-3.370426060688444068e+02
-9.306336315724013275e+02
7.813187908416045957e+02
8.788213203427927738e+02
-1.183982300421421996e+03
-6.242031487033409576e+02
1.440829288717647614e+03
2.454202299870422337e+02
-1.491740733970335668e+03
1.494119254637064387e+02
1.337773814140139621e+03
-4.603542305640953032e+02
-1.030629394558466856e+03
6.179692558662827651e+02
6.510719449761709257e+02
-6.007711770784085274e+02
-2.871586291401459903e+02
4.307665969294994852e+02
9.374256152322164581e+00
-1.658994471871048120e+02
1.427074228598472132e+02
-1.179807094347641367e+02
-1.753608166601986227e+02
3.537777136980468526e+02
1.269597111774920108e+02
-5.028328754327781667e+02
-5.725708414133971047e+01
5.679224170124015245e+02
1.626538526463593115e+01
-5.830038220646939635e+02
-2.483013684847361802e+01
5.979451277065390968e+02
6.908823772989180156e+01
-6.487138196552755289e+02
-1.093466393012565732e+02
7.436471158978292806e+02
9.947453511096274781e+01
-8.562892814452817447e+02
-9.991869188211706998e+00
9.366248029458237170e+02
-1.532099776712750554e+02
-9.310462242137717794e+02
3.472222086072816296e+02
8.078514011369398986e+02
-5.042238077804393583e+02
-5.753488233578098061e+02
5.550982256382546893e+02
2.814331221236733427e+02
-4.613792680296328399e+02
2.278346431298868158e+00
2.231248845689359257e+02
-2.058527486611862685e+02
1.151088201746065351e+02
2.860021587115130046e+02
-4.872688580594794985e+02
-2.334506545511970899e+02
8.228205476512762289e+02
7.553609124838074251e+01
-1.067900954859273043e+03
1.390393017553055302e+02
1.192910354066637183e+03
-3.561102038272748587e+02
-1.195631887653567219e+03
5.219768484083477915e+02
1.099180162076860370e+03
-6.041659037612062093e+02
-9.462159242401005486e+02
5.955209040514806702e+02
7.781954227930656316e+02
-5.156221371360279591e+02
-6.220814386385026182e+02
3.941630942597905118e+02
4.847251985189645325e+02
-2.502159975849212685e+02
-3.663384216045591870e+02
9.320282264828665575e+01
2.727956623304991695e+02
7.419806123427680689e+01
-2.221240494710552298e+02
-2.378151345805915184e+02
2.331955302300808910e+02
3.718896700666580841e+02
-3.113298325561604543e+02
-4.417421886792688497e+02
4.413207531922766407e+02
4.193005168408395207e+02
-5.913269955486583740e+02
-2.910635435751232762e+02
7.159885755728420236e+02
6.725920198764731595e+01
-7.708500046975123041e+02
2.174291483197051491e+02
7.261622321288549529e+02
-5.139942670076387685e+02
-5.747762337287882701e+02
7.665906264465143067e+02
3.363521352569421197e+02
-9.299962524537637591e+02
-5.517375274414143860e+01
9.801395038566721496e+02
-2.147136881215844539e+02
-9.191452948787739388e+02
4.241296050476880737e+02
7.716279975562921436e+02
-5.380579867104102050e+02
-5.712647169234616058e+02
5.397366102954916869e+02
3.554937401678941455e+02
-4.226433446206680742e+02
-1.640419266773568836e+02
1.971011641409172626e+02
3.918045933748865650e+01
1.030316426122847133e+02
-1.572831467744292766e+01
-4.251436109552246876e+02
1.043396921085689826e+02
7.035862541923644358e+02
-2.841767717454948752e+02
-8.821355149939814737e+02
5.103342117924501622e+02
9.288513991730104635e+02
-7.257786394645479504e+02
-8.433243557343428165e+02
8.776254725764347313e+02
6.463426360675739488e+02
-9.287780811340595619e+02
-3.769821535074429448e+02
8.600406418383295204e+02
7.912115692834812819e+01
-6.685386425794396246e+02
1.991220205747411285e+02
3.660415583313618413e+02
-4.156425863585370735e+02
2.210491422255133287e+01
5.290560008388864617e+02
-4.534993821276011658e+02
-5.110393567257344785e+02
8.698126736593640089e+02
3.542729790012537592e+02
-1.209954097205683865e+03
-7.903057410048317877e+01
1.414079888113328934e+03
-2.665755883343175583e+02
-1.445629149809609316e+03
6.144111029731708413e+02
1.296394493517801266e+03
-8.898171382707104158e+02
-9.973262243063417145e+02
1.029863742931152046e+03
6.102215166490436786e+02
-1.003980213472146716e+03
-2.122153918869906306e+02
8.166271663347845333e+02
-1.249838819460866688e+02
-5.048283235093848020e+02
3.516187291086226310e+02
1.243597331105689108e+02
-4.428144748764173642e+02
2.670278342695575589e+02
4.017610343865446225e+02
-6.159072314866011766e+02
-2.462748109083952102e+02
8.809707364417345161e+02
1.049272648042567546e+01
-1.032966478874622908e+03
2.623448569739489358e+02
1.060886420568455151e+03
-5.291423651712448191e+02
-9.670785181935254968e+02
7.462319513901404662e+02
7.701924076496025009e+02
-8.795406287555487097e+02
-4.985677877072961337e+02
9.025006605410947031e+02
1.919705659672754052e+02
-8.037258176886928140e+02
1.004551721955590011e+02
5.898201756214359648e+02
-3.314389410673455245e+02
-2.919468017599695031e+02
4.619284055911585938e+02
-4.170222293615373133e+01
-4.736460841807468682e+02
3.551740872346883862e+02
3.716141062637710775e+02
-5.906986327203543397e+02
-1.850236781491730653e+02
7.087687479900266680e+02
-3.830031199793781838e+01
-6.876589922796165411e+02
2.410868974959910815e+02
5.361309528000325599e+02
-3.701602832797672136e+02
-2.900070555228544436e+02
3.878309659564731078e+02
1.186899565010715696e+00
-2.830595850378162481e+02
2.677225821830177210e+02
7.198652481781738288e+01
-4.661261885529984852e+02
2.080788952294329874e+02
5.582152763528898731e+02
-5.064879468390173543e+02
-5.293442813803768559e+02
7.689103140131356895e+02
3.863811280929623422e+02
-9.510548751669221019e+02
-1.539355649635919576e+02
1.016876859479195332e+03
-1.302768557841005190e+02
-9.480754941112509186e+02
4.237142587318971323e+02
