-2.012064092339350827e+04
-8.164783635921518226e+02
1.825778589997613381e+04
-1.819309970974655926e+02
-1.609809463611304272e+04
7.973168266141653930e+02
1.382077933425462288e+04
-1.031245954321272166e+03
-1.154786727321828585e+04
8.673669821002238223e+02
9.443620390872496500e+03
-3.912190830520675036e+02
-7.580298976232392306e+03
-3.431842393043066295e+02
6.042993137997780650e+03
1.206559871327906194e+03
-4.804822271009506949e+03
-2.130407294012180955e+03
3.852461923933792150e+03
3.001491371779108249e+03
-3.076098431689785684e+03
-3.795863776211099321e+03
2.409032303062132087e+03
4.460133716331139112e+03
-1.723242970711201451e+03
-5.032536791246066059e+03
9.709974588257306323e+02
5.510645483275382503e+03
-7.475709405681426745e+01
-5.960835662207726273e+03
-9.526512130753139900e+02
6.389098785474561737e+03
2.123806882560406393e+03
-6.847746135270988816e+03
-3.369509656743587584e+03
7.319128945702966121e+03
4.665217427336794572e+03
-7.827310190910778147e+03
-5.922613942442015286e+03
8.330239694065765434e+03
7.112915024735483712e+03
-8.836441092598088289e+03
-8.157533885888246004e+03
9.292510399745155155e+03
9.045934586472963929e+03
-9.703043645837195072e+03
-9.723637826461586883e+03
1.001459341348091766e+04
1.020654813843580087e+04
-1.022854731518648987e+04
-1.047334637523000856e+04
1.029159919166704822e+04
1.057124762045730495e+04
-1.020552504573976148e+04
-1.051000934073381904e+04
9.921136897770107680e+03
1.036749603656361796e+04
-9.448755446804701933e+03
-1.017576370793904425e+04
8.754048988807509886e+03
1.002240258287273900e+04
-7.866883207022900933e+03
-9.938237444280975978e+03
6.776917389499616547e+03
9.994030070863867877e+03
-5.538790249173850498e+03
-1.019243150455744944e+04
4.164005922976657530e+03
1.056586642573314930e+04
-2.720661330991059458e+03
-1.107555423993937802e+04
1.230070865295669591e+03
1.171705599234187139e+04
2.381076283948501100e+02
-1.241991802294226000e+04
-1.667975758504510168e+03
1.315824887025374665e+04
2.994103315488014687e+03
-1.385067844319890537e+04
-4.207368207143988002e+03
1.446396873301832784e+04
5.255397338218445839e+03
-1.491600214516195956e+04
-6.144361973960101750e+03
1.517695775788824722e+04
6.844096691931425084e+03
-1.517065667877931992e+04
-7.393324628245348322e+03
1.487823641363758543e+04
7.801100676782049959e+03
-1.424591688087256080e+04
-8.145307917884319977e+03
1.329063405525105554e+04
8.467848154797806274e+03
-1.200563139496518488e+04
-8.865070115718615853e+03
1.046176878371054227e+04
9.370599501777249316e+03
-8.706442883675286794e+03
-1.004495958982743650e+04
6.850343477388249994e+03
1.086589262100624728e+04
-4.960581397446600931e+03
-1.182074791414120773e+04
3.139174955211494307e+03
1.281914703907584590e+04
-1.419291071745914223e+03
-1.379589779040275243e+04
-1.505113552654065359e+02
1.463728067083660062e+04
1.598347955626012890e+03
-1.528697608028969807e+04
-2.926517381701205522e+03
1.567123236160854685e+04
4.193896481174813744e+03
-1.579548767799959023e+04
-5.412400565595877197e+03
1.565187278489229175e+04
6.622931979107594998e+03
-1.530537916924251476e+04
-7.805633006442393707e+03
1.478900339386867017e+04
8.964619635750947054e+03
-1.418473541370509702e+04
-1.004555959397042534e+04
1.352212431958648631e+04
1.103304863034935624e+04
-1.285946360734816335e+04
-1.187250370179337006e+04
1.218953085705874400e+04
1.256269823809755144e+04
-1.153298099588712466e+04
-1.307880023892778809e+04
1.085043905305220323e+04
1.345762817645623363e+04
-1.013816288137278025e+04
-1.370729208343087521e+04
9.347989047980559917e+03
1.389057696596477763e+04
-8.480005433437692773e+03
-1.402622616564541204e+04
7.497683369124137243e+03
1.416789135250294203e+04
-6.418162362956214565e+03
-1.431027746320984807e+04
5.222116201867285781e+03
1.447451764310021463e+04
-3.938025464380438734e+03
-1.462020693161897179e+04
2.558506048366796222e+03
1.473731435728296128e+04
-1.119017336631660783e+03
-1.476345776737753840e+04
-3.787886902884753795e+02
1.467159791120219961e+04
1.888413265350655593e+03
-1.439105426052290022e+04
-3.402713706395715690e+03
1.389142498552559118e+04
4.872522685151250698e+03
-1.310443921009741462e+04
-6.296719280190268364e+03
1.201318704763390815e+04
7.643445895537379329e+03
-1.057359687924562968e+04
-8.932715428274330407e+03
8.806183748056966579e+03
1.015260861707064578e+04
-6.719638922910860856e+03
-1.133626446633703199e+04
4.392454799876596553e+03
1.247054424769447178e+04
-1.891868149285159006e+03
-1.356935054886275975e+04
-6.524712446362811988e+02
1.458749508920488370e+04
3.142438365316760155e+03
-1.549652140690418310e+04
-5.439813837172656349e+03
1.620775763214039580e+04
7.461845557511779589e+03
-1.665552870306647310e+04
-9.109934250942069411e+03
1.673052902613080005e+04
1.035889181370254846e+04
-1.636644207097682192e+04
-1.117917654185164429e+04
1.547869658896180226e+04
1.161267788493803710e+04
-1.404894609874714115e+04
-1.169293375878829647e+04
1.205648477024458043e+04
1.150935796303053939e+04
-9.556773384463775074e+03
-1.112574330065871254e+04
6.605751931428505486e+03
1.064423346818154278e+04
-3.334561092490685041e+03
-1.012053243283262964e+04
-1.378532532547170320e+02
9.630502247933387480e+03
3.635014321544865652e+03
-9.190249001479620347e+03
-7.009027059470905442e+03
8.825343847648009614e+03
1.007890497109189891e+04
-8.493121443353131326e+03
-1.272015652323596805e+04
8.161730961556886541e+03
1.479962370188136083e+04
-7.742018736159888249e+03
-1.626139936943639623e+04
7.169325163765630350e+03
1.705523825548043169e+04
-6.347153292895877712e+03
-1.721523681598237818e+04
5.229585564169117788e+03
1.677862559475092712e+04
-3.760911343472066164e+03
-1.584789074345055269e+04
1.959260168289969897e+03
1.450853103582372205e+04
1.548592107242267559e+02
-1.288320773996426215e+04
-2.487994337459488179e+03
1.104742738611839013e+04
4.952944390256026963e+03
-9.091099044485414197e+03
-7.409476556393280589e+03
7.044221694565752841e+03
9.751402736359332266e+03
-4.945158266475339587e+03
-1.184593130542796462e+04
2.779257055431432491e+03
1.361577447911359741e+04
-5.585185622925620237e+02
-1.497783320506861310e+04
-1.738152123340154048e+03
1.590897320903798391e+04
4.085114155265140653e+03
-1.637688914390536411e+04
-6.471213486023514633e+03
1.640205534130748129e+04
8.833382399899946904e+03
-1.597787962929672722e+04
-1.112316882459186127e+04
1.513674276484287475e+04
1.324856133097740712e+04
-1.387676910914839573e+04
-1.515183425675787475e+04
1.223335255695019805e+04
1.674784709366895186e+04
-1.021120912964047602e+04
-1.799695637335478023e+04
7.863095240096329690e+03
1.883960431151525336e+04
-5.218869194388048527e+03
-1.926210704078929848e+04
2.362995189442356150e+03
1.922802081885799271e+04
6.405181377666891649e+02
-1.874407388314900527e+04
-3.680869991580389524e+03
1.778996902733285606e+04
6.674426100799971209e+03
-1.639025202373512366e+04
-9.500324174091134410e+03
1.454782784778120003e+04
1.207544570515997111e+04
-1.231678032283374705e+04
-1.428609189283990054e+04
9.735059640696492352e+03
1.605975258087851216e+04
-6.895046503407460477e+03
-1.729889633871764454e+04
3.875262110429868244e+03
1.794892131561897622e+04
-8.007287489088806751e+02
-1.793286492280976381e+04
-2.229061091852429399e+03
1.722677811107683738e+04
5.082380159893124073e+03
-1.579599489840495698e+04
-7.665015168691027611e+03
1.366783550453596763e+04
9.864248905902977640e+03
-1.087504963720253181e+04
-1.161633510176303753e+04
7.522282701399787584e+03
1.284706374772669369e+04
-3.721581783455095774e+03
-1.353372168859686099e+04
-3.425331826859369926e+02
1.364068328486940663e+04
4.490933750994106049e+03
-1.317964781080247485e+04
-8.497092834162573126e+03
1.215013008644733418e+04
1.216496872281827200e+04
-1.060330990500736880e+04
-1.528669544159683028e+04
8.578680151859938633e+03
1.771508268555460381e+04
-6.170841090783012078e+03
-1.931494940703488828e+04
3.468041651645356524e+03
2.003104802838437536e+04
-6.091459689802360344e+02
-1.983323580723881241e+04
-2.281072806912763554e+03
1.877387363211330376e+04
5.042276464257830412e+03
-1.692468310020964782e+04
-7.544072498661894315e+03
1.443278259388065999e+04
9.641664386816473780e+03
-1.144971634544641347e+04
-1.124290273226509271e+04
8.182316123497489571e+03
1.225780122673082769e+04
-4.819246584848973725e+03
-1.266184437995880216e+04
1.577235611534117879e+03
1.244267049164429409e+04
1.370902168355988806e+03
-1.165572886308872876e+04
-3.853322173226317773e+03
1.036195349990716568e+04
5.767012898983624837e+03
-8.683409315136963414e+03
-7.030038323236764882e+03
6.730136434313863901e+03
7.647495908755178789e+03
-4.654289004130336252e+03
-7.656058654631293393e+03
2.583484716260886216e+03
7.174580285288626328e+03
-6.670530537197263357e+02
-6.333810947133569243e+03
-9.888694665950514491e+02
5.323794666062897704e+03
2.274520681683088696e+03
-4.306956439428541671e+03
-3.144129334216116604e+03
3.462537516728243190e+03
3.565993498332050422e+03
-2.906615198747460909e+03
-3.584499339148657327e+03
2.737064533053355262e+03
3.262847980342554820e+03
-2.967105573909785562e+03
-2.731784323714712173e+03
3.582785283087869175e+03
2.117437700352138563e+03
-4.487443686977951074e+03
-1.583313510643602058e+03
5.565694468683866035e+03
1.250502605230790095e+03
-6.641055345843802570e+03
-1.237217330005474196e+03
7.550553306789185626e+03
1.585318659554289070e+03
-8.105844311753918191e+03
-2.310139612269338613e+03
8.170837133897617605e+03
3.340592792322896003e+03
-7.629418486493489581e+03
-4.578830573829882269e+03
6.454931136818008781e+03
5.856224694984028247e+03
-4.663396400458414973e+03
-7.010609174757611981e+03
2.372965593316141621e+03
7.848236258118093247e+03
2.568255649528877598e+02
-8.229721485575626502e+03
-2.989541600701085827e+03
8.032535746895635384e+03
5.581177082652524405e+03
-7.225744786694616778e+03
-7.759436630007469830e+03
5.824008524032073183e+03
9.307617427244022110e+03
-3.941955487937513226e+03
-1.003819598763610520e+04
1.733957035488041583e+03
9.874823546833458749e+03
5.682961125549505823e+02
-8.808338437363890989e+03
-2.738895087288460218e+03
6.958854402453605871e+03
4.531571826611519100e+03
-4.512340751481130610e+03
-5.764938823245202002e+03
1.756616061247824973e+03
6.298073476015520100e+03
9.998486899322033423e+02
-6.098634064860690160e+03
-3.412597137717626993e+03
5.198314859535162213e+03
5.194755825716540130e+03
-3.738938215586670594e+03
-6.105918202021463912e+03
1.909740926586785235e+03
6.033330491512220760e+03
2.347554630562929745e+01
-4.958240447152461456e+03
-1.809602554665517118e+03
3.010747532890258753e+03
3.187367206041729787e+03
-4.053137484773501455e+02
-3.978312143277230916e+03
-2.529636762893857849e+03
4.058517702791565171e+03
5.444265049188410558e+03
-3.421929834996214140e+03
-7.957938714444786456e+03
2.130840496418315524e+03
9.761823659372737893e+03
-3.565428443818479991e+02
-1.061015466601925436e+04
-1.692739225895449636e+03
1.040611378042174329e+04
3.747769227294777465e+03
-9.159446997807306616e+03
-5.561862693252473946e+03
7.033772921559211682e+03
6.894302134137642497e+03
-4.270914301152822190e+03
-7.598543752379960097e+03
1.208547805515347591e+03
7.587340034380449652e+03
1.811672862523233562e+03
-6.894623056065914170e+03
-4.439071503196241792e+03
5.618655266137417129e+03
6.406579083794699727e+03
-3.948828756292446087e+03
-7.517388267551845274e+03
2.086689142523149712e+03
7.713333748653330076e+03
-2.718804465243128448e+02
-7.034391677245915162e+03
-1.304884036203211281e+03
5.652613449641914485e+03
2.475722596818185139e+03
-3.793611392053271175e+03
-3.160553809284429462e+03
1.748765597327978185e+03
3.331199322885966922e+03
2.127720996723035967e+02
-3.054437255194783575e+03
-1.829782326810777931e+03
2.430425965832034308e+03
2.928635090633183154e+03
-1.613029376890403455e+03
-3.391184052515004169e+03
7.375324210054246805e+02
3.216015767651408169e+03
5.547457046851590690e+01
-2.460061091772462532e+03
-6.887955690751249449e+02
1.279494715137450157e+03
1.101067138445265982e+03
1.509292743671754806e+02
-1.298663577080002142e+03
-1.618661502216181134e+03
1.297557220085446943e+03
2.950123357351207687e+03
-1.160269257560745700e+03
-3.988112872962746223e+03
9.369954699984483568e+02
4.654448415880758148e+03
-6.976742368224464599e+02
-4.902032469008572662e+03
4.735196451382445275e+02
4.763309204264058280e+03
-2.957326583589115216e+02
-4.287518922141004623e+03
1.469167207743818437e+02
3.576314234496284371e+03
-1.150027186444045491e+01
-2.722488875124583046e+03
-1.605662467212141848e+02
1.838141486267175878e+03
3.949675115476929932e+02
-9.945079725387815870e+02
-7.265767508701559336e+02
2.568041413526167958e+02
1.150469786017745491e+03
3.657607618062653501e+02
-1.667115690916838275e+03
-8.768128660208791416e+02
2.234570534381666221e+03
1.322560822433128351e+03
-2.825413339914750395e+03
-1.735578607261531943e+03
3.380713829186938710e+03
2.164539209521825796e+03
-3.860190119211451929e+03
-2.622332902074151662e+03
4.197549682679993566e+03
3.118607555093665724e+03
-4.347130056579017946e+03
-3.621852987842129551e+03
4.247801741241381933e+03
4.110211850561589927e+03
-3.872950061417066536e+03
-4.530553834619112422e+03
3.199071432279596593e+03
4.852581519171025320e+03
-2.257783300866028185e+03
-5.028145163380523627e+03
1.094763779583898440e+03
5.038656722050211101e+03
1.896649399450327849e+02
-4.851712835773873849e+03
-1.493617697277839852e+03
4.470223883745733474e+03
2.686440328087331636e+03
-3.891424948808425142e+03
-3.663210297884924785e+03
3.152604771224200704e+03
4.321624634796262399e+03
-2.288887452963560008e+03
-4.610175129536484746e+03
1.373805740216939512e+03
4.494570713549926040e+03
-4.665281861539524471e+02
-4.002380877663567844e+03
-3.470117056785998102e+02
3.174707885283886299e+03
1.014102971604571508e+03
-2.105239995449995149e+03
-1.469265464060328895e+03
8.849783854563767136e+02
1.688271734268772207e+03
3.666581479399465024e+02
-1.647435512565360114e+03
-1.556333322686039764e+03
1.361756707057916174e+03
2.582502622355313179e+03
-8.485713316509371680e+02
-3.387127772109124180e+03
1.615501819569417137e+02
3.912151734496410427e+03
6.538078532714105222e+02
-4.146253411069532376e+03
-1.525576001119932698e+03
4.077300520525762749e+03
2.398533468598487616e+03
-3.738866663663737654e+03
-3.197769752325751142e+03
3.160892479125652699e+03
3.876015247166541940e+03
-2.413606461073325590e+03
-4.365654799796780026e+03
1.557800146373649341e+03
4.627481052171884585e+03
-6.791816086793851355e+02
-4.610990874441150481e+03
-1.593385957085683060e+02
4.299214065349421617e+03
8.870012465481063373e+02
-3.672549445835640654e+03
-1.472798226853274855e+03
2.760379690765375926e+03
1.886785520127718655e+03
-1.594449522963428535e+03
-2.145153128134932558e+03
2.586933411309511257e+02
2.262501646773662742e+03
1.159565170085510545e+03
-2.288065553890178307e+03
-2.533189227877124722e+03
2.256766934797202794e+03
3.750978591905226040e+03
-2.217402249491604380e+03
-4.681505781512985777e+03
2.186411766480991446e+03
5.234238257545981469e+03
-2.178601009618963417e+03
-5.330448523793462300e+03
2.167309343016508137e+03
4.951006279213481321e+03
-2.128959800100858956e+03
-4.105796516158245140e+03
2.009043542134064637e+03
2.872352485366842757e+03
-1.774788549519693106e+03
-1.349704405493975173e+03
1.386379655015076423e+03
-3.094453326266830686e+02
-8.467493948110135307e+02
1.962070785192455332e+03
1.668832757055537286e+02
-3.439928868546688136e+03
5.942633441238302794e+02
4.614863588967171381e+03
-1.374133954614960203e+03
-5.367397243786371291e+03
2.076029056222315830e+03
5.638192218435023278e+03
-2.619502045494732556e+03
-5.394668234885804850e+03
2.918797399604970451e+03
4.671138337240273358e+03
-2.927473531310422459e+03
-3.525357175838512376e+03
2.613995316655378701e+03
2.071130928843275342e+03
-2.005070064923456812e+03
-4.307090635169942061e+02
1.145726231607142154e+03
-1.242102050354546009e+03
-1.363871499056421328e+02
2.812700148966383495e+03
-9.194295089359516169e+02
-4.143615424760851965e+03
1.890020357805806498e+03
5.142729709999976876e+03
-2.666420301735990051e+03
-5.734482141443281762e+03
3.148851478679645879e+03
5.902092014537823161e+03
-3.293286988007194850e+03
-5.645806810841741026e+03
3.084591612254027041e+03
5.019260088952793012e+03
-2.574115620693749861e+03
-4.076666113500534721e+03
1.833050872190330665e+03
2.909481931312091547e+03
-9.822801707545615955e+02
-1.596346825975230104e+03
1.309565008517668048e+02
2.386273729398395176e+02
5.958847039797109346e+02
1.084266260308459096e+03
-1.114629502267412818e+03
-2.281920473068033061e+03
1.353131824530061067e+03
3.291248182256592372e+03
-1.295569064638068085e+03
-4.041675153723962922e+03
9.494989971547738605e+02
4.498853378667155084e+03
-3.743588756388212460e+02
-4.626534082798994859e+03
-3.644082728888138263e+02
4.428933761275257893e+03
1.169282595978779455e+03
-3.913400676977045805e+03
-1.960410264356198240e+03
3.131005066801793873e+03
2.652581170957945233e+03
-2.140197359224242973e+03
-3.194260829314182047e+03
1.040613374685761755e+03
3.538084769321413660e+03
6.840988806032311231e+01
-3.675246185715405772e+03
-1.065577682061564701e+03
3.596797373944229093e+03
1.854565819111554447e+03
-3.329827630492894514e+03
-2.340734418176343297e+03
2.899617676973473408e+03
2.480298639493982591e+03
-2.365456804804866351e+03
-2.246094756190208500e+03
1.785128565307278222e+03
1.664181736651612255e+03
-1.244698148601453340e+03
-7.713185770593797770e+02
8.136905670150939613e+02
-3.591409873956689580e+02
-5.761105024221490112e+02
1.662942498843868634e+03
5.747147094938688952e+02
-3.055184385221576122e+03
-8.433619052321417939e+02
4.472173032189833066e+03
1.363072592802659756e+03
-5.836737292740997873e+03
-2.095579399034696053e+03
7.094355736603301921e+03
2.959048273709022396e+03
-8.175652755053969486e+03
-3.871165478707544480e+03
9.033110503822925239e+03
4.732425273626923627e+03
-9.605480355604790020e+03
-5.474121660348956539e+03
9.863984491353647172e+03
6.031169976008657613e+03
-9.776772111459817097e+03
-6.381580268984104805e+03
9.353084950323947851e+03
6.509168304423953487e+03
-8.603066849631024525e+03
-6.435811506427805398e+03
7.575002074824697047e+03
6.177495957845182602e+03
-6.316726190150335242e+03
-5.775300792690023627e+03
4.904466640157788788e+03
5.255938910241595295e+03
-3.406129881809352355e+03
-4.660019735705472158e+03
1.908784621968323108e+03
4.005034846771312004e+03
-4.790566526979756077e+02
-3.321902920739189994e+03
-8.059252431220643302e+02
2.618688458240225827e+03
1.904843302776514747e+03
-1.924331591866738790e+03
-2.770248612829669128e+03
1.251156976457674773e+03
3.391764219130970559e+03
-6.385250564027609244e+02
-3.754633482206646477e+03
1.119857834576811655e+02
3.874018644368856712e+03
2.842100104064354582e+02
-3.757381133068055078e+03
-5.309630483695032126e+02
3.439054547161086248e+03
6.011694176653702471e+02
-2.944877869760015983e+03
-5.062160103755706473e+02
2.328837740667654089e+03
2.552444761410265244e+02
-1.635550627334135243e+03
1.039077754573260677e+02
9.309682236473746570e+02
-5.333197100080740256e+02
-2.640713476119317420e+02
9.687049818588816379e+02
-3.099295642462476508e+02
-1.360883585206220914e+03
7.672726711495995460e+02
1.647363570965768531e+03
-1.082647137278105902e+03
-1.791008825069405248e+03
1.268584788134605105e+03
1.748804449303642741e+03
-1.334554047928651926e+03
-1.513376946475114437e+03
1.316446854602333588e+03
1.078509684321121085e+03
-1.236672523044328727e+03
-4.772288783542139754e+02
1.134350175212639670e+03
-2.513152320329323572e+02
-1.020714542507403394e+03
1.033852279782728374e+03
9.190813367965567977e+02
-1.798390106847688230e+03
-8.220652756002832575e+02
2.451733431784119603e+03
7.330659409264329724e+02
-2.921036798923197694e+03
-6.334124613882286212e+02
3.132756228736355297e+03
5.182472299569687948e+02
-3.053221315629289620e+03
-3.683542860352765729e+02
2.665587889041834842e+03
1.831189891745911495e+02
-2.003602713881768295e+03
5.226954476422619678e+01
1.115806570038868131e+03
-3.330829005822334352e+02
-9.130506891212887410e+01
6.652477919268261530e+02
-9.861433583524857340e+02
-1.032119957528941768e+03
2.017780977889831092e+03
1.422248658715534248e+03
-2.933251372604758217e+03
-1.798093577629902256e+03
3.663829877744882197e+03
2.126438626654935888e+03
-4.179947469892468689e+03
-2.350613082382176799e+03
4.457773306947319725e+03
2.428141013868314531e+03
-4.505208645922780306e+03
-2.308297066445560631e+03
4.327932351288963218e+03
1.975345237269900736e+03
-3.959845209527142742e+03
-1.419652215049102324e+03
3.420598802105203958e+03
6.783225551011397556e+02
-2.753962071969369845e+03
2.003174200291531122e+02
1.990605209139424005e+03
-1.131274751168160947e+03
-1.181246156169007691e+03
2.030764793077797549e+03
3.614045071917880705e+02
-2.800857395901832660e+03
4.122517092611355451e+02
3.366129342408738466e+03
-1.106282877942151799e+03
-3.657711226211896701e+03
1.672508790637211860e+03
3.648860509636084316e+03
-2.092971038105178195e+03
-3.327251782884330623e+03
2.344066579667881797e+03
2.725750494453654483e+03
-2.433210941442167950e+03
-1.888102614462992278e+03
2.366960386595521868e+03
8.985128176167464744e+02
-2.183100586056725660e+03
1.610886056795109198e+02
1.911839241473850052e+03
-1.181747962270857897e+03
-1.611849254256971790e+03
2.070904266785834807e+03
1.328337154723468529e+03
-2.727865549478294724e+03
-1.123411947664747458e+03
3.088256163406575070e+03
1.038237327741076570e+03
-3.098794981800103869e+03
-1.121262680448802939e+03
2.756844534891798048e+03
1.389279977199899122e+03
-2.083909019101465674e+03
-1.852777847957269159e+03
1.156209575752284536e+03
2.485931301277543753e+03
-6.553521968766649763e+01
-3.254735861827748522e+03
-1.055498994180892623e+03
4.086542662215668315e+03
2.088083233274776376e+03
-4.909682196028665203e+03
-2.905470142746257352e+03
5.630113959703698129e+03
3.424300148927962255e+03
-6.175972309866305295e+03
-3.587171885043573639e+03
6.472177731178217982e+03
3.400489388292528929e+03
-6.489870889732010255e+03
-2.902265584652128837e+03
6.212147275675695710e+03
2.186321139515574941e+03
-5.673697941715524394e+03
-1.357496481612508887e+03
4.919930171047299154e+03
5.461019778860642191e+02
-4.033572989369833522e+03
1.393702353971753212e+02
3.085010678104296403e+03
-5.994040531087337058e+02
-2.158960608085073090e+03
7.773003488499500691e+02
1.308040369635969455e+03
-6.414329319693503066e+02
-5.827506857769494673e+02
2.070453437819147950e+02
7.567172440457041738e-01
4.895697018640905753e+02
4.243537830802384860e+02
-1.373134920222837991e+03
-7.043047277015201644e+02
2.362892561736660355e+03
8.455366145151592718e+02
-3.355055519698014450e+03
-8.734712958952334247e+02
4.261513723552514421e+03
8.044217623727632827e+02
-4.991635324509246857e+03
-6.732460983185416126e+02
5.488895192919330839e+03
5.029894842357811058e+02
-5.711082498329074951e+03
-3.313401395725540510e+02
5.657661024379662194e+03
1.826346165258331666e+02
-5.344954853352669488e+03
-9.047793376888539285e+01
4.821910325237643519e+03
6.877756080878749856e+01
-4.141826098778700725e+03
-1.374911122731620878e+02
3.375896437548282847e+03
2.920919294818431240e+02
-2.581609381377675618e+03
-5.303630935803711282e+02
1.820672884933867408e+03
8.240895248880415238e+02
-1.126755249732889979e+03
-1.148054913943359907e+03
5.310866717501070298e+02
1.454845798523124586e+03
-3.393498917746916277e+01
-1.705875114229940664e+03
-3.650987887465363428e+02
1.850907507487460407e+03
6.918417784443786331e+02
-1.859024796852614827e+03
-9.603191093955807673e+02
1.699937790724378601e+03
1.201319814193898537e+03
-1.372016277844271599e+03
-1.420472138084619246e+03
8.795651337367158931e+02
1.634893087750438781e+03
-2.585526940902923911e+02
-1.835774168476985778e+03
-4.524665735872242749e+02
2.019730772795113353e+03
1.189370323235901878e+03
-2.164951697374965534e+03
-1.894545817514057262e+03
2.260811857669363235e+03
2.497910385658735777e+03
-2.283387259198407719e+03
-2.952970146517828653e+03
2.226947108997992473e+03
3.213614971861067716e+03
-2.078166669634924347e+03
-3.267106686398270540e+03
1.845312452545523001e+03
3.109487017683666636e+03
-1.528185328028745744e+03
-2.774927475911145848e+03
1.146026099027480086e+03
2.302038614862259692e+03
-7.081965419607602144e+02
-1.761613095804300883e+03
2.429248207326898523e+02
1.215894538586469025e+03
2.312220552045716886e+02
-7.418961200290564193e+02
-6.793581561561471744e+02
3.896536128640715333e+02
1.075763916149138822e+03
-2.029480532122568661e+02
-1.379011167828164616e+03
1.887359464947508059e+02
1.566442355423603885e+03
-3.393176423601411784e+02
-1.603983690673964247e+03
6.112341626322887578e+02
1.483941910055360268e+03
-9.561533575973894585e+02
-1.194995178708186359e+03
1.306915713687085827e+03
7.531132276117212996e+02
-1.609960867236161221e+03
-1.752880122594076227e+02
1.808952244400774816e+03
-4.923698008661054359e+02
-1.877779056530079060e+03
1.212912806945184684e+03
1.797731649737981115e+03
-1.925129110182041813e+03
-1.584086453652610771e+03
2.582598375993104128e+03
1.256039848499846130e+03
-3.128933419234982011e+03
-8.585349169698572496e+02
3.529730788129202665e+03
4.280164998011556463e+02
-3.748135963630938932e+03
-1.404934028501697618e+01
3.775848235439831114e+03
-3.509369143090306125e+02
-3.603120251766593810e+03
6.333742350808389574e+02
3.252560269359378708e+03
-8.223860049317972880e+02
-2.745372154020852577e+03
9.064612559349976664e+02
2.130848289874719285e+03
-9.014406145526789942e+02
-1.451956467464822708e+03
8.192118637358129263e+02
7.679671035542095296e+02
-6.938208049411475713e+02
-1.193148420136733989e+02
5.487476080858684782e+02
-4.442740821804965776e+02
-4.180132644598053275e+02
9.027413053951233906e+02
3.153926872969888109e+02
-1.233047305977965607e+03
-2.572198012320266116e+02
1.438730277160214655e+03
2.383191632403573124e+02
-1.522039211335829577e+03
-2.537442137800244666e+02
1.507841506402564391e+03
2.802740307686216852e+02
-1.412797208086366027e+03
-3.044355938361442782e+02
1.273670728033441719e+03
3.002304119384613728e+02
-1.112010680692246979e+03
-2.590339260717632328e+02
9.620298014515382192e+02
1.672473241540170648e+02
-8.389487891058205378e+02
-3.224996183215760226e+01
7.626157076712347589e+02
-1.410054468599756774e+02
-7.288756785204188873e+02
3.284996506106433571e+02
7.364463024319475153e+02
-5.093809271422441611e+02
-7.610492403391432390e+02
6.477767588420348375e+02
7.824231742150020636e+02
-7.181657983585364491e+02
-7.689995127686911474e+02
6.903533639115626102e+02
7.034568986110901960e+02
-5.533399376482850585e+02
-5.658266747419854710e+02
2.995989765676106344e+02
3.616402623613869309e+02
5.170628410848889445e+01
-9.801418625226861536e+01
-4.760217093000460409e+02
-1.922352085850449441e+02
9.229982504341589902e+02
4.832472004739364593e+02
-1.346865030416441869e+03
-7.287738879872036932e+02
1.689293366903541255e+03
9.000475699875075861e+02
-1.911159414779747749e+03
-9.630960193557262983e+02
1.974694928429979200e+03
9.117570735222903977e+02
-1.874567865071123151e+03
-7.423659285869565565e+02
1.614002666337715482e+03
4.820640469221771127e+02
-1.232777179854037286e+03
-1.573291550275966983e+02
7.722571440222877754e+02
-1.803808521326872665e+02
-2.970237818589364451e+02
4.919437406226365397e+02
-1.392006367630100954e+02
-7.269940241696452858e+02
4.793861299209823983e+02
8.558687423811983308e+02
-6.932171999911096236e+02
-8.481605845037838662e+02
7.546246905262747759e+02
7.018789106642952902e+02
-6.709842979976323250e+02
-4.168082107877223734e+02
4.532637840888305050e+02
1.902345819583947417e+01
-1.377740237739610052e+02
4.644511292864829670e+02
-2.479628907683351713e+02
-9.893374704222300124e+02
6.623919212609131364e+02
1.518452965996614466e+03
-1.081857115245508794e+03
-2.002126588953909732e+03
1.475466218579906808e+03
2.412469243877636927e+03
-1.832025937456045085e+03
-2.715953955982858588e+03
2.136655452775702088e+03
2.903819132099469698e+03
-2.390847564026480995e+03
-2.968908873934848543e+03
2.585526399092977499e+03
2.926839318191045095e+03
-2.725962141671563131e+03
-2.792139648039323220e+03
2.800931627354199463e+03
2.595971611118432520e+03
-2.815045915130442609e+03
-2.360361427456478850e+03
2.754180480814963175e+03
2.117129282799783141e+03
-2.619754443580274256e+03
-1.884390147196502312e+03
2.400674222974977965e+03
1.688076295961159531e+03
-2.106678433903979567e+03
-1.534452307949491114e+03
1.740947575800763161e+03
1.437422428645584205e+03
-1.329893227027874218e+03
-1.391338099060570130e+03
8.974495430944946293e+02
1.399768603068421498e+03
-4.881610824601624472e+02
-1.447099381196216655e+03
1.393280559722388148e+02
1.524590790671167269e+03
1.002509793137985810e+02
-1.612124036748211893e+03
-2.038653799046866197e+02
1.698578828136484390e+03
1.425708679495183731e+02
-1.764000345572610740e+03
8.222733842239888702e+01
1.807581093288437387e+03
-4.603030989866472851e+02
-1.821095453732876194e+03
9.507206755267905010e+02
1.820372506350075582e+03
-1.507085960651612822e+03
-1.817052255207789813e+03
2.062962734672491024e+03
1.840131718344929823e+03
-2.559775466659551057e+03
-1.908411630330659818e+03
2.934220659971704208e+03
2.050966776873089202e+03
-3.145597922016771008e+03
-2.274188749883076071e+03
3.160280280264452813e+03
2.581780228461568186e+03
-2.977989375926125831e+03
-2.948315175023382835e+03
2.606749846489552510e+03
3.345779070547266656e+03
-2.085897665324572699e+03
-3.717254844573488299e+03
1.459738496882142954e+03
4.013481719232810519e+03
-7.941387371134611612e+02
-4.170744997729001625e+03
1.457715929686604568e+02
4.149377626630142913e+03
4.162760232404922363e+02
-3.912282581897099590e+03
-8.482227430444106631e+02
3.459993236865167546e+03
1.105410196788912572e+03
-2.804260607686414005e+03
-1.174998514646858439e+03
1.995414164376384861e+03
1.054469892979124552e+03
-1.091899029814341702e+03
-7.716393266403662210e+02
1.786290752136406184e+02
3.660716309414981993e+02
6.668262080428859235e+02
9.913113763640912168e+01
-1.359257721919696905e+03
-5.658225897290842568e+02
1.838347788776759899e+03
9.631746538849964736e+02
-2.050058977126676837e+03
-1.242195252411728461e+03
1.978669244952555800e+03
1.359952691716044455e+03
-1.623223659914015798e+03
-1.306990501494908131e+03
1.021398330405525485e+03
1.087152623548744941e+03
-2.236190924155297921e+02
-7.375037585681877772e+02
-6.861775650036560137e+02
2.975534235807522236e+02
1.627641690526814045e+03
1.737823130564381415e+02
-2.505185901098513568e+03
-6.310685938667918435e+02
3.243561678149870204e+03
1.026289551658606115e+03
-3.771133372059047360e+03
-1.335722652965618636e+03
4.052888404921402071e+03
1.541122504769977695e+03
-4.066103010831296615e+03
-1.650780964246174108e+03
3.827711565917722965e+03
1.674563971528744332e+03
-3.363947294899998724e+03
-1.639155345358195291e+03
2.731422638588058817e+03
1.566627056791228142e+03
-1.983502003033445817e+03
-1.486628695052825606e+03
1.188830403030272919e+03
1.415341684203751811e+03
-3.990239885688837376e+02
-1.374706695951374968e+03
-3.282174388703267027e+02
1.367065513373528574e+03
9.598197388015926208e+02
-1.401683379295378927e+03
-1.462806471974050737e+03
1.466711043246960344e+03
1.826336427165338819e+03
-1.557214288413403892e+03
-2.039251846916891736e+03
1.650465598923680545e+03
2.112541869201954341e+03
-1.731260329751913332e+03
-2.051186819743220440e+03
1.771508605497210965e+03
1.884284606624297112e+03
-1.754590048958890520e+03
-1.631668676014516905e+03
1.658379779503061627e+03
1.330599653827481461e+03
-1.478680867448500976e+03
-1.008899122475891204e+03
1.209324565148242527e+03
7.039186956984070775e+02
-8.656462287011955823e+02
-4.385036429996658285e+02
4.612829033819474489e+02
2.403858513134190389e+02
-2.806762460352033983e+01
-1.194211899607446128e+02
-4.077306783112884432e+02
8.692854663281914895e+01
8.081429945685832763e+02
-1.305679097666411224e+02
-1.149939432720828336e+03
2.459089530150902192e+02
1.400085911100593876e+03
-4.056112465328355938e+02
-1.550058730106638905e+03
5.919292510624751458e+02
1.588340679952369783e+03
-7.702479666727574568e+02
-1.525678359772085287e+03
9.198466701038177007e+02
1.373323681794853655e+03
-1.012556759143902923e+03
-1.163496940663909982e+03
1.035888196307158751e+03
9.205232497618496836e+02
-9.763969628040621274e+02
-6.869091645061798772e+02
8.412798462157369386e+02
4.875368769373010309e+02
-6.385424027288927391e+02
-3.580199183035121564e+02
3.965742174862303955e+02
3.083362174663387805e+02
-1.415452875456820721e+02
-3.504613716136461221e+02
-8.460236276223641028e+01
4.710388032109466394e+02
2.537254804830666615e+02
-6.547111220674174774e+02
-3.296671764737868102e+02
8.669867441230071563e+02
2.980167331466248584e+02
-1.081504887345823590e+03
-1.475991664063874680e+02
1.261099008647427127e+03
-1.092998732590803286e+02
-1.387790355387026921e+03
4.567734524299529539e+02
1.444185095533494632e+03
-8.594710221466966686e+02
-1.438555932385417691e+03
1.286854522861682426e+03
1.379416483944292395e+03
-1.699416584459262367e+03
-1.294965964109660263e+03
2.072758981775777556e+03
1.208450265392045139e+03
-2.378760947228689474e+03
-1.153334345255676453e+03
2.611680887870112201e+03
1.144479278264985169e+03
-2.765213393367237586e+03
-1.201600454241836132e+03
2.851803781707135386e+03
1.318815279082233928e+03
-2.880050346043524769e+03
-1.492885902777579986e+03
2.871391823409605877e+03
1.701770827283237622e+03
-2.836407808936219226e+03
-1.931305743584495076e+03
2.795743131594799706e+03
2.156632126556585717e+03
-2.751859374291186214e+03
-2.368729774243929569e+03
2.718477245942648096e+03
2.552247984862991871e+03
-2.691300050412145993e+03
-2.708394602987311373e+03
2.673923340526634092e+03
2.831494680876634447e+03
-2.653385251593300836e+03
-2.929538852263912759e+03
2.621852317496090564e+03
2.996346286802461236e+03
-2.558496703105816323e+03
-3.039444814418564420e+03
2.448015410475228691e+03
3.047982482201307903e+03
-2.266375916709559988e+03
-3.023194831611399422e+03
1.998123233176437907e+03
2.953941707871194922e+03
-1.625776026973130229e+03
-2.842211507340062326e+03
1.149036151238688490e+03
2.682184562282480783e+03
-5.692895975435610580e+02
-2.484535088402641122e+03
-8.649397872822999034e+01
2.256198914729268381e+03
7.908585870953166932e+02
-2.017207450299135644e+03
-1.490799249691779551e+03
1.780170727645681836e+03
2.140632556075109733e+03
-1.567924827943899800e+03
-2.680764613732419093e+03
1.388288504142904458e+03
3.072627613413939343e+03
-1.256177629692077744e+03
-3.276355875120115343e+03
1.168738865683335007e+03
3.282664291917594255e+03
-1.126724028087204488e+03
-3.090077162631081592e+03
1.112862426240975310e+03
2.727402304515246669e+03
-1.116687984539038325e+03
-2.229845816148881568e+03
1.112312919016152364e+03
1.653402922125277883e+03
-1.083851303797273658e+03
-1.048365408468534042e+03
1.006174155924232764e+03
4.767684592637052106e+02
-8.706762106216081065e+02
2.176982937558001652e+01
6.625229443724850853e+02
-4.068467028546559163e+02
-3.866985536964454013e+02
6.636746599632128891e+02
4.428012653666829834e+01
-7.852381476725907987e+02
3.428312669419800045e+02
7.861628181006730074e+02
-7.589883416488183911e+02
-6.864059075743801941e+02
1.171553846848172043e+03
5.197359674085790857e+02
-1.558853751587214902e+03
-3.173270325052410499e+02
1.890275446142574538e+03
1.190199491490619721e+02
-2.148975189349465381e+03
4.979326054127896128e+01
2.317121662531534639e+03
-1.624676691613101127e+02
-2.395366454453806455e+03
2.089601964162696390e+02
2.377464626525541462e+03
-1.808109043706826924e+02
-2.276760502955748052e+03
8.565235009013947831e+01
2.096792198933735563e+03
7.112141046947718337e+01
-1.855555581369099855e+03
-2.713086285113670328e+02
1.560186867298293464e+03
5.027593495237041452e+02
-1.227419563731629069e+03
-7.433277355630830243e+02
8.640548253892357025e+02
9.794364851756312191e+02
-4.882048352089584000e+02
-1.189390442698037759e+03
1.068383784383604649e+02
1.364622548185793903e+03
2.565351898037777687e+02
-1.486162564259026340e+03
-5.888915985743035435e+02
1.548665050012961956e+03
8.636188449805757728e+02
-1.539461343350735660e+03
-1.065168533777219864e+03
1.459312781392908164e+03
1.170586190612837072e+03
-1.305374204085240535e+03
-1.173908213934322703e+03
1.091703545773126280e+03
1.069180086312584535e+03
-8.266334482983584167e+02
-8.719637765925292570e+02
5.379958753566580754e+02
5.969073198069497721e+02
-2.476953113188992006e+02
-2.794766507344519368e+02
-1.064461493666578917e+01
-4.883142756966071119e+01
2.186193395447804733e+02
3.463000666980280471e+02
-3.514794930896379128e+02
-5.805015452500704214e+02
4.027165608617015096e+02
7.172079001226702530e+02
-3.669510209126367499e+02
-7.431907957726842824e+02
2.597368000509660533e+02
6.482638358035338797e+02
-9.459769413605954469e+01
-4.503475232790012797e+02
-9.525404346194520144e+01
1.713170681740286057e+02
2.865908014616353512e+02
1.432680099515999643e+02
-4.431694731491332959e+02
-4.516909365933485674e+02
5.436038385658607694e+02
7.003352702073726732e+02
-5.614816633132655852e+02
-8.532222236039225436e+02
4.928599648293165956e+02
8.722404567387471843e+02
-3.362779566794683888e+02
-7.483449564587270970e+02
1.130574260147047454e+02
4.771824575439085265e+02
1.557840730221882666e+02
-8.003508250731604790e+01
-4.323551292988009891e+02
-4.164925773892176721e+02
6.883670350345651059e+02
9.662009957363870853e+02
-8.855243484252724784e+02
-1.529357676148984183e+03
1.004798392739551332e+03
2.052266344575682524e+03
-1.027608253044421190e+03
-2.498740371359077017e+03
9.556640429769258844e+02
2.828269496188142512e+03
-7.939518391948337239e+02
-3.020530659599264254e+03
5.638805999961967927e+02
3.056847651944524387e+03
-2.843875387867370819e+02
-2.938514040420079255e+03
-1.303018999737267158e+01
2.666317929460616142e+03
3.095727122285679229e+02
-2.262896729928467721e+03
-5.797947094162752819e+02
1.744435607431562403e+03
8.148211953467365447e+02
-1.146404564241626986e+03
-1.000349295569501692e+03
4.994858187506033573e+02
1.140360710857645017e+03
1.527507866979744335e+02
-1.229936847900095245e+03
-7.760025427718907167e+02
1.275668564560290179e+03
1.324400132120535545e+03
-1.277585285798820223e+03
-1.767991764978411766e+03
1.241935788509287704e+03
2.073407656320730894e+03
-1.170720128220344577e+03
-2.225306105383197519e+03
1.074801095182807330e+03
2.211221863074604698e+03
-9.573139905121146285e+02
-2.038912419416140892e+03
8.357967894304895253e+02
1.720358287632433758e+03
-7.178234936480160968e+02
-1.288550541415638236e+03
6.231206829003282337e+02
7.779479883614354776e+02
-5.634216175298395228e+02
-2.370232411967432142e+02
5.560585690781888388e+02
-2.898629080994828087e+02
-6.087719987709521092e+02
7.523366452919923404e+02
7.314730538887683906e+02
-1.116179589927161032e+03
-9.187355151580686652e+02
1.344330088401239891e+03
1.170070648647169264e+03
-1.425701315696194115e+03
-1.464245581617702328e+03
1.350496161145651740e+03
1.788388110178820853e+03
-1.134886428269197722e+03
-2.114139148125138036e+03
7.965549213218323530e+02
2.421143720389397004e+03
-3.737258256808898977e+02
-2.682503396901959150e+03
-9.868729181958678964e+01
2.883882449557268046e+03
5.720109978752736879e+02
-3.007182372499122721e+03
-1.008715629618737012e+03
3.051634192384984090e+03
1.365301287070787339e+03
-3.013391877870210010e+03
-1.616222953189727377e+03
2.904437725717371904e+03
1.734596656169511562e+03
-2.734269269889161023e+03
-1.717609218240693281e+03
2.522015165597885243e+03
1.561566566944243732e+03
-2.280994472070912252e+03
-1.287149621445988714e+03
2.030455316293403712e+03
9.157014914473070348e+02
-1.776995067783571585e+03
-4.860708999525417653e+02
1.532573628749692034e+03
3.456814611476924171e+01
-1.294313823940343354e+03
3.884373236167021446e+02
1.065595884026092335e+03
-7.451132315279995737e+02
-8.383858652823847706e+02
9.935821434974399153e+02
6.118504280978256702e+02
-1.111786038732943553e+03
-3.785338660208276451e+02
1.080293948391687763e+03
1.418585463764722192e+02
-9.063679109313160325e+02
1.011256726025215187e+02
6.013036398808939111e+02
-3.403109582035674521e+02
-2.030666804437369706e+02
5.687562086479117625e+02
-2.504751843135701677e+02
-7.700100335933793758e+02
7.067033038953438790e+02
9.327820826593064112e+02
-1.117451666467344239e+03
-1.037885683668383535e+03
1.432376162039703104e+03
1.076723044197682611e+03
-1.621575064686195446e+03
-1.035935262754626592e+03
1.659494699665677672e+03
9.159384618994212133e+02
-1.547345808331166609e+03
-7.168447604928890087e+02
1.295509059898172609e+03
4.512385981244599407e+02
-9.409124923863784034e+02
-1.305304277097205841e+02
5.212211066714389744e+02
-2.185741717544627534e+02
-9.277877731002911332e+01
5.742780551900468708e+02
-2.967196232330371686e+02
-9.056210463520855001e+02
5.932757001716282730e+02
1.190103805315815862e+03
-7.609970171086970367e+02
-1.400997774888771573e+03
7.675856242436993853e+02
1.528591196923878442e+03
-6.075899542555653170e+02
-1.564084507336607203e+03
2.834274322169008542e+02
1.515417410661447548e+03
1.732649575420112740e+02
-1.390172595012306829e+03
-7.268693792793926605e+02
1.208729134095620566e+03
1.321322807891251159e+03
-9.838660389332246723e+02
-1.906864859745971671e+03
7.357096909297803222e+02
2.430140346845541444e+03
-4.736354501186402786e+02
-2.855235578483112931e+03
2.124009863191277816e+02
3.151405059947423979e+03
4.483148316822883572e+01
-3.312543477404090936e+03
-2.905502325741892946e+02
3.335501541581428683e+03
5.275525695093242575e+02
-3.241182588315562043e+03
-7.519354160263195581e+02
3.046575173968941272e+03
9.699047785248039872e+02
-2.785888889478007059e+03
-1.181823265585094987e+03
2.482419007578789660e+03
1.395704054271873702e+03
-2.168585553573181187e+03
-1.610680384360491644e+03
1.863272517933746030e+03
1.832742696349086373e+03
-1.589527930709931297e+03
-2.061299857165992307e+03
1.353653322228842399e+03
2.298301969521180126e+03
-1.168944959492466978e+03
-2.536466820147128601e+03
1.034459082970400232e+03
2.771532932195430476e+03
-9.559252280087594045e+02
-2.988353002861409550e+03
9.247693108272014797e+02
3.175545301655280582e+03
-9.398959609069867156e+02
-3.314175295061134875e+03
9.878992326393420171e+02
3.392739882967066023e+03
-1.057780737047176217e+03
-3.398184364924965848e+03
1.132302953415812681e+03
3.330388686230251551e+03
-1.196738915548145769e+03
-3.188782046920840457e+03
1.229601259175309906e+03
2.990541760240482745e+03
-1.217993243542720165e+03
-2.750447253611412179e+03
1.144882097604269120e+03
2.493545101355276529e+03
-1.007068205159983791e+03
-2.241275599618455999e+03
7.978861458011137984e+02
2.016407673930819328e+03
-5.289169997153086342e+02
-1.826793954835056638e+03
2.076517698378180796e+02
1.679756755155581004e+03
1.419064061688045513e+02
-1.564180521477017464e+03
-5.035973984542349626e+02
1.470758733929675600e+03
8.507025691707615351e+02
-1.378198140941634847e+03
-1.165068431921953106e+03
1.274501170492125766e+03
1.422636016749196187e+03
-1.145579259912109819e+03
-1.613510841053390777e+03
9.921385466552660546e+02
1.722177671261992373e+03
-8.168066012894889809e+02
-1.748892719896814242e+03
6.378426224426973477e+02
1.693047038060839668e+03
-4.716329756247235423e+02
-1.568289727050953161e+03
3.439999675777643802e+02
1.387145147181342736e+03
-2.716784551503547505e+02
-1.176029359323675862e+03
2.715328237427606268e+02
9.554546414815022217e+02
-3.457068457398688679e+02
-7.563484092155616736e+02
4.919050764723712064e+02
5.977140968559266412e+02
-6.892470421895441177e+02
-5.046349345442008598e+02
9.170777955952873981e+02
4.855937524000136136e+02
-1.139115794051237117e+03
-5.497784433797698966e+02
1.327445072432120469e+03
6.914368840718314004e+02
-1.449224166160791356e+03
-9.037216282902596731e+02
1.486346728998375511e+03
1.165715307230630515e+03
-1.426167296489597902e+03
-1.459670694724115037e+03
1.276953306123889206e+03
1.757093503113374254e+03
-1.050875120592630992e+03
-2.033402734263142975e+03
7.770179893492960446e+02
2.258326347648277988e+03
-4.806518181979416227e+02
-2.413673130421788301e+03
1.930532866432481569e+02
2.477139401022693619e+03
6.606802282222761846e+01
-2.445345100746122171e+03
-2.805308390390451905e+02
2.316062368941273689e+03
4.488280616233282103e+02
-2.104064127004258808e+03
-5.719081025442459350e+02
1.822561111495490422e+03
6.652066902117798008e+02
-1.499369296039819119e+03
-7.376245638665363913e+02
1.151396034028457052e+03
8.090538438283514324e+02
-8.056845317526343706e+02
-8.835219156197215398e+02
4.736774174031190796e+02
9.723581503957960877e+02
-1.685861133041578626e+02
-1.069486094799647844e+03
-1.086292798195433420e+02
1.171601144192298307e+03
3.559941059496637763e+02
-1.265503592011217734e+03
-5.794053039083997874e+02
1.344412130279156145e+03
7.785015893302863788e+02
-1.393303830784246429e+03
-9.560072816861317051e+02
1.410449718179793535e+03
1.103803189245013300e+03
-1.391290612101079660e+03
-1.215907632632327477e+03
1.342528339535052282e+03
1.279799727120511989e+03
-1.270165632615116010e+03
-1.289404480517765023e+03
1.188969306094157673e+03
1.239149121398146463e+03
-1.110437337673425418e+03
-1.135578325760582857e+03
1.053450924885451059e+03
9.867808783306621763e+02
-1.026316984839345423e+03
-8.166887334341412270e+02
1.043110787417583879e+03
6.445973126357609999e+02
-1.100140668499713911e+03
-5.004577902183510787e+02
1.194347413080009574e+03
4.035534357025466079e+02
-1.307168381652355265e+03
-3.744003774765679395e+02
1.419741348434592737e+03
4.179638708752118532e+02
-1.499505784813703940e+03
-5.380708797206727922e+02
1.522258003736488945e+03
7.207247353966808987e+02
-1.459715942215058021e+03
-9.552547783677641746e+02
1.301102572257654629e+03
1.213549109088441128e+03
-1.039776627875400436e+03
-1.475462008948064067e+03
6.900338755588950335e+02
1.711378364241960298e+03
-2.736267381599759005e+02
-1.899589797802050498e+03
-1.717719718280639256e+02
2.013297791905246413e+03
6.112582016214298619e+02
-2.040336785198614734e+03
-1.001154011154339514e+03
1.965267211485170719e+03
1.312708874890186735e+03
-1.789307303424117890e+03
-1.517057167998634668e+03
1.513485505198674446e+03
1.608430435935119249e+03
-1.155072031497194303e+03
-1.585676999696992652e+03
7.309931898901111254e+02
1.467265543884098179e+03
-2.739213296412468708e+02
-1.271432556532809485e+03
-1.876055536497684386e+02
1.031423198836293523e+03
6.177480354734788079e+02
-7.735438358508715737e+02
-9.876702191666774979e+02
5.303618528005077906e+02
1.267315498076272661e+03
-3.205194221970162403e+02
-1.441535411069344718e+03
1.672581377506196532e+02
1.495402739679415845e+03
-7.705084950440370051e+01
-1.434905355830985172e+03
5.893658991112739898e+01
1.264557130206781267e+03
-1.068061760553630819e+02
-1.010027073072412691e+03
2.159647798977566140e+02
6.942649161830324829e+02
-3.736784431027881510e+02
-3.560353096873549248e+02
5.694123440841005959e+02
2.370478386684021643e+01
-7.894075481403264121e+02
2.667479715389202397e+02
1.023635363222832666e+03
-4.945433636395821395e+02
-1.259557610633233253e+03
6.402783806563197686e+02
1.492238640144909596e+03
-7.019263016446050187e+02
-1.709220881478291858e+03
6.815469505507020358e+02
1.911308389109426798e+03
-5.978390745892775158e+02
-2.087451900312905764e+03
4.689975533945261077e+02
2.238430721485562572e+03
-3.248423522678875770e+02
-2.354559902566538312e+03
1.864288620744852381e+02
2.435670539294706487e+03
-7.763648821306553316e+01
-2.471486744344597355e+03
4.943417539599759714e+00
2.461242271389729012e+03
2.595503555824475583e+01
-2.399601012010621616e+03
-2.983492036182564533e+01
2.291529757623953628e+03
1.774880089050046550e+01
-2.139456882189520911e+03
-1.394082557537467615e+01
1.956256051582405007e+03
3.170383311198611054e+01
-1.750411437230569163e+03
-8.688427938196198852e+01
1.540574644893007417e+03
1.785703282317643641e+02
-1.332628493606057646e+03
-3.034900733475759012e+02
1.140182755317336387e+03
4.449566241559586501e+02
-9.653049184104331744e+02
-5.885925668672158508e+02
8.133911079248628084e+02
7.104556481910291268e+02
-6.815891179932061732e+02
-7.995961119290719807e+02
5.722357766914433341e+02
8.430610336218703651e+02
-4.825676206057591457e+02
-8.432203655050315092e+02
4.175720736459777527e+02
8.030659380874927820e+02
-3.758577093593326595e+02
-7.393482200098792418e+02
3.636807582296282249e+02
6.647834449207321086e+02
-3.756451894763721384e+02
-6.013146656975517317e+02
4.118192309851401660e+02
5.616444973274415133e+02
-4.585203022003406659e+02
-5.625938000438651443e+02
5.038241814983340419e+02
6.066392743827791492e+02
-5.224917082732637255e+02
-7.017428394472931359e+02
4.969386420264088997e+02
8.404448925818020371e+02
-4.024279991525158380e+02
-1.018774314157627941e+03
2.265772807241381770e+02
1.221560618609958055e+03
4.073856913383810507e+01
-1.434556317933401488e+03
-3.937437554741890153e+02
1.633707202340428012e+03
8.224233223833975899e+02
-1.797470103250892180e+03
-1.301882766673800006e+03
1.898598081791037885e+03
1.808435303374750902e+03
-1.917042722371527361e+03
-2.308428697455486599e+03
1.830577006511767195e+03
2.776241119881232862e+03
-1.634143978221437692e+03
-3.181233170161518501e+03
1.324609582388210811e+03
3.504592354910076665e+03
-9.166554119957544344e+02
-3.725590563375249531e+03
4.294396703487982450e+02
3.837391706434499611e+03
1.030319536988372704e+02
-3.829658264172780491e+03
-6.496510859831959124e+02
3.709601158686192321e+03
1.168613278572935997e+03
-3.480062831682542310e+03
-1.627845731385222962e+03
3.157529288536023159e+03
1.990736890533868973e+03
-2.753913067318334015e+03
-2.236998135749629000e+03
2.291782324531021459e+03
2.344491896311853907e+03
-1.785640277604825769e+03
-2.314505155016195658e+03
1.253845186869036752e+03
2.148621822135829461e+03
-7.086386767266507150e+02
-1.870458843860772731e+03
1.665160962047022508e+02
1.506957659106547680e+03
3.639714067601776151e+02
-1.101292097495306507e+03
-8.646707474580731514e+02
6.928652438878175417e+02
1.321205646199030525e+03
-3.288969959104135796e+02
-1.711173860893103665e+03
4.091481825884574164e+01
2.015097412915304858e+03
1.416576755060607979e+02
-2.208535255782332570e+03
-2.124146079147392925e+02
2.279457196459483839e+03
1.718114226680593219e+02
-2.216303121135505535e+03
-4.089829565800620514e+01
2.025195573401131469e+03
-1.565097513771051183e+02
-1.719158949895200521e+03
3.847768749563081769e+02
1.327550351471795011e+03
-6.128091464923360263e+02
-8.835811659965347644e+02
8.089270148843829702e+02
4.337402118793428372e+02
-9.533577111944463240e+02
-1.682397917175678970e+01
1.028669784721280166e+03
-3.237511590955084557e+02
-1.033030561376805963e+03
5.607047697374641757e+02
9.666116983341534024e+02
-6.698917592641465717e+02
-8.415626810080079849e+02
6.498685121619779466e+02
6.675327386961898810e+02
-5.035520290135350479e+02
-4.621312524460678901e+02
2.548717621655927701e+02
2.346728400781149730e+02
6.843454418555469942e+01
-2.878351370768487794e+00
-4.283965383515529766e+02
-2.277634650050223399e+02
7.903541048793202890e+02
4.415393745006309132e+02
-1.111225598521498796e+03
-6.327833454827293735e+02
1.361009286846781833e+03
7.899435645154904932e+02
-1.507597053437429395e+03
-9.086311339394044353e+02
1.535479961808851385e+03
9.808815485588594356e+02
-1.431158180370266564e+03
-1.009421990028324785e+03
1.199608123964806964e+03
9.923860648871267358e+02
-8.495549321953077424e+02
-9.395987001184762448e+02
4.070074929570548647e+02
8.576485181362166941e+02
1.008195549451417747e+02
-7.620174524644389749e+02
-6.326663061721815211e+02
6.618237052692375073e+02
1.154568378114126290e+03
-5.733487810649477296e+02
-1.625253291646510888e+03
5.046863008740402847e+02
2.016130940143151292e+03
-4.675468654801196635e+02
-2.299306137319111258e+03
4.656706142667154040e+02
2.463466734987271593e+03
-5.048647174048438728e+02
-2.500628195187163328e+03
5.798056494310587823e+02
2.418625902780010165e+03
-6.882437770969036137e+02
-2.230506298781253463e+03
8.129604158205323756e+02
1.963396967405659097e+03
-9.427783239395896544e+02
-1.645563916442896243e+03
1.055428632087620599e+03
1.315288679886031105e+03
-1.135567577408788338e+03
-1.005951640291072067e+03
1.163571865062445795e+03
7.548334789934049240e+02
-1.130618105157891023e+03
-5.867269530406531430e+02
1.025784656785059724e+03
5.244608081133507085e+02
-8.522526063307637969e+02
-5.727209130765759255e+02
6.133894940536273452e+02
7.325592660933566549e+02
-3.242327156925423992e+02
-9.853095350700758672e+02
-2.167764276476047414e+00
1.312710191705098396e+03
3.439230543812977885e+02
-1.677521536647392395e+03
-6.857331672346437017e+02
2.049443108532433143e+03
1.006494067840691741e+03
-2.388647515587494581e+03
-1.297901125773114927e+03
2.665138471457849391e+03
1.546106927225773916e+03
-2.847422950221716292e+03
-1.752081190274829396e+03
2.921568810157314601e+03
1.913603717871878871e+03
-2.874102126119548757e+03
-2.037691304188623462e+03
2.710582107070031270e+03
2.126844094983790455e+03
-2.440582043111677649e+03
-2.189356894571425983e+03
2.086710653289533639e+03
2.224594125645166059e+03
-1.673412470460482837e+03
-2.237230131134245767e+03
1.235727039436675341e+03
2.220468498826959149e+03
-8.016347601318464058e+02
-2.176260720526691784e+03
4.025735304249838009e+02
2.097597985454014179e+03
-5.945421097966416824e+01
-1.988368453409627136e+03
-2.050840862903552591e+02
1.848297270565306007e+03
3.860667104209226750e+02
-1.688539273666805002e+03
-4.766541586172629650e+02
1.516426468809073413e+03
4.857161007464110867e+02
-1.349374095280054007e+03
-4.225050477535788218e+02
1.198308237747465228e+03
3.068326542282244986e+02
-1.079114215054602028e+03
-1.576799413449001577e+02
9.972446722593380173e+02
1.295905831627198468e-01
-9.602685541017152673e+02
1.475108522654524563e+02
9.625333308552999370e+02
-2.628312951659526675e+02
-1.001036747613830698e+03
3.356287652158216588e+02
1.059094179551002071e+03
-3.539892300789938417e+02
-1.123275201619948575e+03
3.193516223699171519e+02
1.173448774761111281e+03
-2.320188908441222395e+02
-1.196033440509701677e+03
1.018658440010870692e+02
1.175486996764206197e+03
6.042211051611218409e+01
-1.107403064099352605e+03
-2.395662895471501201e+02
9.865984384447950788e+02
4.238724600762056411e+02
-8.211541022082616337e+02
-5.965518776783707153e+02
6.181214069235444413e+02
7.493742242251894368e+02
-3.946634496646179286e+02
-8.715093618921896450e+02
1.607131726537716361e+02
9.597681336447660669e+02
6.655409998106168246e+01
-1.009535150669846757e+03
-2.828682746407565105e+02
1.025624952189564738e+03
4.838004502181856310e+02
-1.010377766634448676e+03
-6.765696088504899990e+02
9.761743329418352459e+02
8.671310278361477231e+02
-9.334789064064224249e+02
-1.069606315624945410e+03
9.014922162254365503e+02
1.291364121777839955e+03
-8.910479539568700602e+02
-1.538332045817483731e+03
9.173936524339501375e+02
1.803679454766584968e+03
-9.837810339009652125e+02
-2.078429823430975830e+03
1.092551081810492633e+03
2.340209370351526104e+03
-1.230083765005067789e+03
-2.569614781399620369e+03
1.385734369067161879e+03
2.737385805139764670e+03
-1.533969434480899736e+03
-2.824228914441823690e+03
1.657739724865649350e+03
2.809057714503387160e+03
-1.731754021439870485e+03
-2.685115655418099777e+03
1.741514716606038064e+03
2.447267629712961025e+03
-1.671096361457511648e+03
-2.109364930632943924e+03
1.518628471181827990e+03
1.686174593347491509e+03
-1.283929537903450864e+03
-1.210555164247326275e+03
9.793368435568854693e+02
7.135977236006822295e+02
-6.192220220600503353e+02
-2.358376600841713184e+02
2.301748918192884901e+02
-1.891485902296902282e+02
1.648096122571583919e+02
5.270120046041118940e+02
-5.370901350894295092e+02
-7.564459066393102376e+02
8.647180411910297835e+02
8.608199224427313538e+02
-1.122866215580860171e+03
-8.409821777611402922e+02
1.300186557060279029e+03
7.035358888544552656e+02
-1.384851665810303984e+03
-4.746511887304248489e+02
1.380584062018229815e+03
1.799087341104299185e+02
-1.291302160050720886e+03
1.386079853341261980e+02
1.136532195443376395e+03
-4.456437768714354775e+02
-9.343004142612062424e+02
7.006391461749525433e+02
7.154235170053933643e+02
-8.751611403862779071e+02
-5.026974085961292076e+02
9.446420410437345936e+02
3.247794384326176100e+02
-9.000403861682322031e+02
-2.007762022462486584e+02
7.399762329687191595e+02
1.484322642827477807e+02
-4.783040081785606503e+02
-1.697336249345707984e+02
1.335316481678162859e+02
2.665007043153543691e+02
2.627336037174304124e+02
-4.246128762795966054e+02
-6.836269415474008611e+02
6.280033075389262649e+02
1.094545115903633814e+03
-8.497486984890725807e+02
-1.470196740285311535e+03
1.066485582269164297e+03
1.785348790626946993e+03
-1.245559213583051360e+03
-2.027635969435297511e+03
1.366344010954218447e+03
2.188359471240137736e+03
-1.406550327619373093e+03
-2.271626506984292973e+03
1.358817458752778521e+03
2.281442287049698734e+03
-1.217524039710033094e+03
-2.230205938503554080e+03
9.917470120087391479e+02
2.127496009619088454e+03
-6.905871396675559026e+02
-1.988180170069945689e+03
3.346289066556357739e+02
1.822581946376521273e+03
5.964264495264664845e+01
-1.644585730521151845e+03
-4.676192226163188366e+02
1.462527757297141079e+03
8.716198770997681322e+02
-1.288527369070208124e+03
-1.248449945145000129e+03
1.126932155226528039e+03
1.586528882949280160e+03
-9.835143283296093841e+02
-1.870604010510575563e+03
8.568263706024062003e+02
2.098569843916483933e+03
-7.518752640443207156e+02
-2.265123870566950700e+03
6.635507562166965272e+02
2.376508876432400939e+03
-5.936593355174750286e+02
-2.435589784641000278e+03
5.364733416622418645e+02
2.449065536023911136e+03
-4.928888194643836869e+02
-2.418519007406977835e+03
4.551980191891254890e+02
2.350582757174438029e+03
-4.196951339585657479e+02
-2.242676229369707926e+03
3.726860903279784338e+02
2.099575018492048002e+03
-3.058492622542170807e+02
-1.921155732004226138e+03
2.050447738032798668e+02
1.717258780682761198e+03
-6.399965007730830990e+01
-1.494506763019302980e+03
-1.258754696417419723e+02
1.267040407565927580e+03
3.597868290848920765e+02
-1.044233910940914711e+03
-6.325182808387381783e+02
8.413367205734748495e+02
9.246809726082441330e+02
-6.607451498119540929e+02
-1.221209390189180112e+03
5.074589299508231193e+02
1.498529023116217786e+03
-3.789253567727473069e+02
-1.739540890168838359e+03
2.727718649405753126e+02
1.924336435956945024e+03
-1.800828816836203146e+02
-2.042868924737769021e+03
1.004336145459548106e+02
2.084356467517167403e+03
-2.688859450479384350e+01
-2.047301393972570168e+03
-3.674293787959327062e+01
1.929226077707870672e+03
9.356924839301811403e+01
-1.739203182870042838e+03
-1.381463778775132880e+02
1.482235474924599430e+03
1.729026205746517348e+02
-1.175327411552448211e+03
-1.956195757284053798e+02
8.334172649730999183e+02
2.141439175179562255e+02
-4.815539949543085072e+02
-2.312882776240195142e+02
1.417035487775328306e+02
2.604746517058467816e+02
1.569998414927552517e+02
-3.063578936254647829e+02
-3.939226331640577996e+02
3.776907872605601710e+02
5.452252140929880397e+02
-4.728207893931075319e+02
-6.034144249446575259e+02
5.905197599721830102e+02
5.628022087363111723e+02
-7.170893723357723957e+02
-4.369215869681651156e+02
8.419159601617316184e+02
2.438859114343933072e+02
-9.431917649450808767e+02
-1.592289731515536566e+01
1.007145287623088166e+03
-2.146590154146395264e+02
-1.015200258805446424e+03
4.108257097456273641e+02
9.613627457406830672e+02
-5.465798516837246552e+02
-8.394944825781296913e+02
5.958217181917524385e+02
6.567499999696186705e+02
-5.517976572961633792e+02
-4.233636500958519377e+02
4.146612084764090582e+02
1.596373866053855011e+02
-2.021137256359852756e+02
1.132504888263651708e+02
-6.557540167859380631e+01
-3.675080129141680345e+02
3.557897121329659171e+02
5.811360319373656012e+02
-6.387519209469545558e+02
-7.307975207981194217e+02
8.804713313321061605e+02
8.019611076850441123e+02
-1.062608936129052154e+03
-7.847568181059338031e+02
1.166289042883320690e+03
6.802046957082244489e+02
-1.191432890527069731e+03
-4.909950266785108965e+02
1.138703515102421079e+03
2.338313609000455244e+02
-1.024724603278572431e+03
7.643547380379837364e+01
8.621922773985924096e+02
-4.118879584254129895e+02
-6.747576297539504822e+02
7.481575025501166465e+02
4.775331659034373502e+02
-1.052504253936283249e+03
-2.914236811640742530e+02
1.297452330730956191e+03
1.286384983969280427e+02
-1.452512932347333162e+03
-5.628931138331699557e+00
1.500383115050227843e+03
-7.044319168698858391e+01
-1.424395661608545197e+03
8.979334977231607695e+01
1.227072250687176620e+03
-5.179688224033979083e+01
-9.165661729186729190e+02
-4.467733083176512565e+01
5.202307067593360443e+02
1.896215046782775460e+02
-6.581097902127221744e+01
-3.702807788808736973e+02
-4.032545591987642410e+02
5.618404484122586382e+02
8.531322149698038402e+02
-7.402927847693094918e+02
-1.243455936566727587e+03
8.739514184624584914e+02
1.549426802431986289e+03
-9.397412035208916450e+02
-1.751877031825572431e+03
9.149147719610014065e+02
1.848356220429560608e+03
-7.908593159711126646e+02
-1.841674110029511894e+03
5.685508666344711628e+02
1.750260431204050519e+03
-2.664269102097317727e+02
-1.592252099335670437e+03
-8.941313112447168976e+01
1.394356831777047319e+03
4.589602050718672785e+02
-1.176405019673211882e+03
-8.030887684161253901e+02
9.594801032382817993e+02
1.076481055117468486e+03
-7.528338560227666676e+02
-1.248147961659863768e+03
5.657873249771047313e+02
1.292286108389531364e+03
-3.969587905712265865e+02
-1.202190240242236996e+03
2.467190512432295009e+02
9.828029727348532560e+02
-1.069342451553606708e+02
-6.581826232407559019e+02
-2.284059537244993265e+01
2.564398878795855126e+02
1.474281891626279446e+02
1.806520840039300424e+02
-2.650950969427208292e+02
-6.194443063751367617e+02
3.759471382268357047e+02
1.020770254797954294e+03
-4.758346664864719173e+02
-1.359516501557323863e+03
5.656646392567156454e+02
1.612442911985615865e+03
-6.427725751713445561e+02
-1.774049071152125407e+03
7.075758653638574742e+02
1.839187644307108258e+03
-7.579151370575588089e+02
-1.820081659896445444e+03
7.949499873071030152e+02
1.729749825877757758e+03
-8.131493550553768728e+02
-1.592243072106619138e+03
8.114263618702323129e+02
1.428249239668582732e+03
-7.841472889417282204e+02
-1.265478320444368819e+03
7.293718909867193361e+02
1.122550560466158913e+03
-6.396350130469166970e+02
-1.017435627621712229e+03
5.143761570507098213e+02
9.573602972157009390e+02
-3.470100525464629868e+02
-9.463352786808085284e+02
1.398904107779881940e+02
9.764613403209693843e+02
1.126841062978124057e+02
-1.039258086232806136e+03
-4.067058449004071008e+02
1.118679738596926200e+03
7.416208892901228182e+02
-1.201378750978547259e+03
-1.108588154467703134e+03
1.272325559047335673e+03
1.500314174993595543e+03
-1.324700306472986085e+03
-1.900508800464137039e+03
1.348843336162877904e+03
2.292567672673583729e+03
-1.347766959277690603e+03
-2.651416836272363525e+03
1.317761588661222959e+03
2.956058281772376176e+03
-1.264369839842204783e+03
-3.177205117228528252e+03
1.183619671203378175e+03
3.298142700969680391e+03
-1.076831867377669141e+03
-3.301411664965035015e+03
9.369236383237840755e+02
3.185130457680117161e+03
-7.634774412414493554e+02
-2.951351544107283644e+03
5.490432628523087715e+02
2.619373633535465160e+03
-2.973181944979025388e+02
-2.210810996353709015e+03
1.197605762641796012e+01
1.760231625968880280e+03
2.916010456536791366e+02
-1.297245184432899350e+03
-6.006143426738879043e+02
8.581594366875918922e+02
8.882481383435663247e+02
-4.681261536244060153e+02
-1.135446036945228343e+03
1.508975585200407181e+02
1.317345665917815495e+03
8.183741630375773468e+01
-1.418410734618267725e+03
-2.224616338457669258e+02
1.426688999555004557e+03
2.788947518577378446e+02
-1.343365716492023921e+03
-2.578913572849669436e+02
1.173577977137845437e+03
1.797695483183167653e+02
-9.364540806556096868e+02
-6.332118528169850435e+01
6.546726778547708818e+02
-6.609986886526864680e+01
-3.590729126871760855e+02
1.897515167309064168e+02
7.863058112861114068e+01
-2.846770856403801986e+02
1.527823885930872905e+02
3.395165770023165237e+02
-3.151210627160137392e+02
-3.446312031178680400e+02
3.854454211283483005e+02
3.019033976834801933e+02
-3.605597995777788469e+02
-2.130932195072818729e+02
2.395293249168016700e+02
9.366251348083734740e+01
-4.138703155261457312e+01
4.652451459212470297e+01
-2.128848733050567148e+02
-1.920355356323471483e+02
4.917487902924891614e+02
3.346603361617097789e+02
-7.644435570983749813e+02
-4.622896819681799343e+02
9.955160866737373908e+02
5.744965599994322929e+02
-1.163290106775231607e+03
-6.673171844285683392e+02
1.245510282417757708e+03
7.425263130452966607e+02
-1.240203558391202023e+03
-7.948239506053764671e+02
1.146394033880808593e+03
8.256363278541602995e+02
-9.805743374036621844e+02
-8.254065701383075293e+02
7.569050131380275843e+02
7.892163366645014548e+02
-5.018339422818229991e+02
-7.085925219858372657e+02
2.325036378456626096e+02
5.825894518956707770e+02
2.471414085427941743e+01
-4.113555135270510732e+02
-2.555835098797444971e+02
2.058227315502950887e+02
4.412752561853006910e+02
2.054989059069494317e+01
-5.733318361774895493e+02
-2.447008943428494945e+02
6.401530800540849668e+02
4.474837766805786146e+02
-6.414201160000188793e+02
-6.026738759465575868e+02
5.758274275195597056e+02
6.951738817658301741e+02
-4.524393816274584310e+02
-7.105210886671101207e+02
2.786303654980671922e+02
6.455106945425555978e+02
-7.259411092412791788e+01
-4.970686389496677862e+02
-1.515210323379432111e+02
2.794053031491631032e+02
3.736992732315682701e+02
-3.015709363416396283e+00
-5.813673642409456761e+02
-3.078938557822099824e+02
7.585305149255344759e+02
6.346269971668687049e+02
-9.001912759190138331e+02
-9.486733882623436784e+02
9.997297632004384695e+02
1.227124252590274864e+03
-1.059476329981828258e+03
-1.442647110626904123e+03
1.079529713338825559e+03
1.579578105876801601e+03
-1.067274607824233271e+03
-1.620506513342606013e+03
1.022948359794656994e+03
1.563871707625404269e+03
-9.537055246910169899e+02
-1.411614870995921137e+03
8.578445375152672341e+02
1.180471224806101191e+03
-7.437023046407351785e+02
-8.902945688856153765e+02
6.100583741646664748e+02
5.735083549638131899e+02
-4.663040459315922135e+02
-2.551251172149445097e+02
3.138624581832385729e+02
-3.003013144274855151e+01
-1.617014566372663182e+02
2.620383542038438236e+02
1.073917295220871715e+01
-4.171450974435127819e+02
1.320378470603243386e+02
4.865134553279598322e+02
-2.668609477440454043e+02
-4.611499681881859374e+02
3.885497559541266810e+02
3.476023288023891951e+02
-4.962926525709443695e+02
-1.531858354101185000e+02
5.858090411006957083e+02
-1.027129247163070431e+02
-6.559676398015616314e+02
4.015213846036734822e+02
7.018262868219500206e+02
-7.145134641952414540e+02
-7.252447380148737466e+02
1.014791820541300694e+03
7.238161973093473307e+02
-1.273858519500117609e+03
-7.037945828493537874e+02
1.469259226956848806e+03
6.715629379643916081e+02
-1.579285927390427332e+03
-6.398558905572213007e+02
1.598249773712494971e+03
6.188918111085345117e+02
-1.522269276820941286e+03
-6.224233669153345545e+02
1.365545318212535449e+03
6.580748563061810046e+02
-1.143611284249117261e+03
-7.324148289081845178e+02
8.845967070184000249e+02
8.407568513243774078e+02
-6.129370815866956264e+02
-9.784772898086129089e+02
3.573763920980784405e+02
1.128539586892632542e+03
-1.374034933981549784e+02
-1.276170748632041523e+03
-2.880707707609079193e+01
1.398834561042632231e+03
1.393063974458565895e+02
-1.483704158779684576e+03
-1.927449973358811803e+02
1.514601819167760596e+03
2.003206549589104100e+02
-1.488147691692694707e+03
-1.738323440855687068e+02
1.402296445128699816e+03
1.297112532179799587e+02
-1.268221872566098682e+03
-8.094136698979919231e+01
1.094635046962004253e+03
4.052119983255401792e+01
-9.024540897092689420e+02
-1.252226393937228721e+01
7.066869794353431189e+02
2.557539394887769824e+00
-5.272312568582087806e+02
-6.224208859167679186e+00
3.756458743495747967e+02
2.308301977563570873e+01
-2.664886391058156505e+02
-4.556147037841424918e+01
2.036203748289028113e+02
7.240089573978087856e+01
-1.931167541248326813e+02
-9.871009349845587622e+01
2.294383923322316718e+02
1.256906873195780463e+02
-3.112422453292055025e+02
-1.531050991011454130e+02
4.249884579516127019e+02
1.861636254412968867e+02
-5.614294706466064326e+02
-2.273031619868644952e+02
7.028003929309455771e+02
2.846094477151236788e+02
-8.370418638973611678e+02
-3.578411398883807806e+02
9.478135698811196335e+02
4.533110239651047095e+02
-1.026189687978509482e+03
-5.659577003440855378e+02
1.061563495316217995e+03
6.916709233330282132e+02
-1.054273760610308500e+03
-8.168267789914618788e+02
1.000091373021171648e+03
9.291270904048160446e+02
-9.046649610176888245e+02
-1.011250375906838485e+03
7.688914950117231228e+02
1.051460199622159053e+03
-6.012372125908630096e+02
-1.038533927378021644e+03
4.046883894934408659e+02
9.742189101084064760e+02
-1.903622264214736504e+02
-8.603514393435566490e+02
-3.464613493803881994e+01
7.164295349333875720e+02
2.562077520836502913e+02
-5.576622615506765896e+02
-4.620680598987507892e+02
4.088983576605646135e+02
6.343776565017151370e+02
-2.850504257818458882e+02
-7.614282518418337986e+02
2.034334875125083215e+02
8.281013626772795533e+02
-1.651777875151178421e+02
-8.291478773598850012e+02
1.706989784599518600e+02
7.614868314036585843e+02
-2.047892110497084559e+02
-6.323416257082667471e+02
2.538408927759516587e+02
4.523221586104899643e+02
-2.938317875294774808e+02
-2.427762100244950716e+02
3.111160998108813942e+02
2.104657663446282001e+01
-2.885191396753534150e+02
1.876377009783993515e+02
2.223865073715890901e+02
-3.690699958498476008e+02
-1.080077774398443324e+02
5.065062643351666907e+02
-4.404367245906480122e+01
-5.955298947764047170e+02
2.274536717285812131e+02
6.323077577979491934e+02
-4.248811139130261267e+02
-6.252511815495549854e+02
6.270667227115594642e+02
5.829149374270053841e+02
-8.213740609237140688e+02
-5.156925867052740386e+02
1.004558852425902728e+03
4.340181790074365153e+02
-1.169537452307904459e+03
-3.456319220522204319e+02
1.319046654087787147e+03
2.527633323174867428e+02
-1.448519523641450178e+03
-1.598148477544895343e+02
1.559386083098466770e+03
6.380115712078787027e+01
